################################################################################
# Symmetry function scaling data.
################################################################################
# Col  Name     Description
################################################################################
# 1    e_index  Element index.
# 2    sf_index Symmetry function index.
# 3    sf_min   Symmetry function minimum.
# 4    sf_max   Symmetry function maximum.
# 5    sf_mean  Symmetry function mean.
# 6    sf_sigma Symmetry function sigma.
#########################################################################################################################
#        1          2                        3                        4                        5                        6
#  e_index   sf_index                   sf_min                   sf_max                  sf_mean                 sf_sigma
#########################################################################################################################
         1          1   1.1478077006697913E-02   7.7111173154335952E-02   3.2431956345430432E-02   6.3848774442001035E-03
         1          2   1.0887783551780446E-01   1.9510426791827057E-01   1.5421023828448902E-01   9.2186696462047153E-03
         1          3   0.0000000000000000E+00   3.6635671142192286E-03   1.1345366627905722E-05   6.7944647643670489E-05
         1          4   0.0000000000000000E+00   2.1083174573925261E-02   2.0443014141522214E-04   7.3143034204465707E-04
         1          5   8.2521254417878553E-02   4.1742296339067880E-01   1.8671437888515829E-01   2.9550218007414752E-02
         1          6   2.8190504229993113E-01   5.0190090900549944E-01   3.5571604984581157E-01   3.3112091078052873E-02
         1          7   0.0000000000000000E+00   3.7902937299556641E-02   3.1093343256392120E-04   1.1340375420707098E-03
         1          8   0.0000000000000000E+00   1.1825866811104732E-01   2.6310921532935738E-03   7.6753312975025266E-03
         1          9   2.3175279502304241E-01   1.0419710369326853E+00   5.1832358343215701E-01   1.0470041489173318E-01
         1         10   2.3470133065835141E-01   6.3908177732147431E-01   3.8916946931848406E-01   8.0541639127512527E-02
         1         11   0.0000000000000000E+00   1.5070271340123687E-01   3.6504370094276681E-03   9.0710434310302072E-03
         1         12   0.0000000000000000E+00   2.4402568733101646E-01   1.3782328903702540E-02   3.3211269810923497E-02
         1         13   1.8113278051054715E-01   1.6793972955150365E+00   8.7945556013342008E-01   1.9243846046457622E-01
         1         14   7.3857861825487425E-02   7.8760149358920828E-01   3.6473178083874536E-01   1.0019058798535840E-01
         1         15   0.0000000000000000E+00   3.1866006928864832E-01   1.8377752378794073E-02   3.4973885827287610E-02
         1         16   0.0000000000000000E+00   3.4657647376929529E-01   3.1492117250399944E-02   6.1380914626161256E-02
         1         17   1.3553708981177939E-01   1.9189749013318220E+00   1.0743982487442494E+00   2.0878547211957216E-01
         1         18   4.4117589701607347E-02   9.2917309678158178E-01   4.7504372211899282E-01   1.1817949527009462E-01
         1         19   0.0000000000000000E+00   4.4152749410764475E-01   4.0518707831581485E-02   6.3599690214928895E-02
         1         20   0.0000000000000000E+00   3.9066141216772021E-01   3.8214111818681472E-02   5.6224589163182619E-02
         1         21   2.4126644760185667E-01   1.7778525601036799E+00   1.0254411369559369E+00   1.7085001713633130E-01
         1         22   9.4839762406621425E-02   9.2326640335059273E-01   5.4305279219010660E-01   9.8324911459334641E-02
         1         23   0.0000000000000000E+00   3.4697310029412454E-01   4.2077504961480688E-02   5.6123500723356333E-02
         1         24   0.0000000000000000E+00   2.6421251069473484E-01   3.4515432835578903E-02   4.1734880142579978E-02
         1         25   2.4492589506812396E-01   1.1828780646467565E+00   7.7324647357398901E-01   1.1158176794843916E-01
         1         26   8.0028958391058821E-02   6.9825549901781159E-01   4.0805699400867329E-01   6.6263166926612715E-02
         1         27   0.0000000000000000E+00   2.0912551387316988E-01   2.5238069875022709E-02   2.9023072536922646E-02
         1         28   0.0000000000000000E+00   1.9109347619725661E-01   2.5766359348699749E-02   2.9168596682164174E-02
         1         29   1.9260576501632515E-01   6.8447891953753093E-01   4.2890940664276567E-01   5.9273020851903592E-02
         1         30   4.2159286383257236E-02   3.5095229728298516E-01   2.1211079982155556E-01   3.4678929624605302E-02
         1         31   0.0000000000000000E+00   1.0091451467579816E-01   1.2225534422905502E-02   1.3445305974237244E-02
         1         32   0.0000000000000000E+00   1.0613418331868382E-01   1.4011031741402426E-02   1.4901984625782723E-02
         1         33   6.1511767016980932E-02   2.5378436890271011E-01   1.6547550338610051E-01   2.2916955885127654E-02
         1         34   2.3845509623914990E-02   1.4597230837702665E-01   8.0331533815349798E-02   1.3855682892976924E-02
         1         35   0.0000000000000000E+00   4.8324967386538985E-02   5.0779414151172018E-03   5.5125159028598120E-03
         1         36   0.0000000000000000E+00   3.6863622831612090E-02   5.3164375293072025E-03   5.5055111236764253E-03
         1         37   1.7140084409702445E-02   6.4569304841643235E-02   4.1375842612926580E-02   5.9163966132787819E-03
         1         38   5.3909681798462381E-03   3.7194463121381527E-02   2.0405602983316142E-02   3.8468404872348955E-03
         1         39   0.0000000000000000E+00   1.0925414998555497E-02   1.4033488484939546E-03   1.4835913664574770E-03
         1         40   0.0000000000000000E+00   9.4141106491844838E-03   1.3304208405032069E-03   1.3842455380832592E-03
         1         41   7.1414554204253728E-04   6.7417754631246968E-02   2.1175272799884119E-02   7.8058729848583192E-03
         1         42   5.9506863830469650E-03   9.9511199282861854E-02   3.9978386660190192E-02   1.2296917932283548E-02
         1         43   0.0000000000000000E+00   1.3308767977622215E-02   7.9522720150259762E-04   1.2664740040418529E-03
         1         44   0.0000000000000000E+00   2.0155238703515654E-02   1.2556807336948906E-03   2.3173776598120195E-03
         1         45   3.8774028967327199E-04   3.3523005628541408E-02   1.3492376631243991E-02   5.6391140226955128E-03
         1         46   0.0000000000000000E+00   1.7135314117890117E-02   7.1680557113936848E-04   1.2796529579100096E-03
         1         47   0.0000000000000000E+00   1.5873413221753417E-02   1.2632629356084894E-03   2.3442919415462577E-03
         1         48   0.0000000000000000E+00   8.5172578153357506E-04   8.7209149608804042E-06   3.6815685323181619E-05
         1         49   0.0000000000000000E+00   3.3427726999505380E-03   3.6669231095666967E-05   1.3232994052437584E-04
         1         50   0.0000000000000000E+00   9.7855714523578012E-04   3.6583541164509540E-06   2.6798347455770955E-05
         1         51   2.8628120145804603E-03   1.5515660067656592E-01   5.5889939130337310E-02   1.7331170939625325E-02
         1         52   4.7352411778073804E-02   2.9239441452302523E-01   1.4714553580065498E-01   3.1158686996650097E-02
         1         53   0.0000000000000000E+00   1.8260477914942234E-02   1.7373590978823753E-03   2.4302047797488567E-03
         1         54   0.0000000000000000E+00   2.9876449595018551E-02   3.0929479190953957E-03   4.3815217977529134E-03
         1         55   7.9698069823608394E-04   3.4593060557373920E-02   1.2824903794671993E-02   3.9111682591972978E-03
         1         56   0.0000000000000000E+00   2.8067314358395126E-02   2.4191827190765268E-03   3.7470487401155442E-03
         1         57   0.0000000000000000E+00   7.1004083292066133E-03   8.7188799752162076E-04   1.0895523372764222E-03
         1         58   0.0000000000000000E+00   1.2886309376274349E-03   1.4415604891886244E-05   6.2406956906556230E-05
         1         59   0.0000000000000000E+00   5.6617149822840275E-03   9.2008712208737912E-05   3.0399386873420996E-04
         1         60   0.0000000000000000E+00   9.5539359093564028E-04   4.6119568984923660E-06   3.2370003451805895E-05
         1         61   7.6091963438352020E-05   1.7695873267487481E-02   3.9677649125198951E-03   1.8258449942048776E-03
         1         62   2.1666130873418941E-04   3.3135926855342578E-02   1.1150288949851201E-02   5.2129832355923954E-03
         1         63   0.0000000000000000E+00   3.3071843367024818E-03   7.5345042925922817E-05   1.5454188733651810E-04
         1         64   0.0000000000000000E+00   7.2711062863746768E-03   3.2578308056150680E-04   7.5773884086633217E-04
         1         65   2.1552525866100566E-05   2.1933521896478948E-02   7.1110389344384997E-03   4.3368304840557970E-03
         1         66   0.0000000000000000E+00   4.5405742473353765E-03   6.7756455036174735E-05   1.5919771343440585E-04
         1         67   0.0000000000000000E+00   1.3049708551569700E-02   7.7327848572069638E-04   1.7798909606200250E-03
         1         68   0.0000000000000000E+00   1.9722283629013080E-04   7.9483265422237396E-07   4.2769129645230086E-06
         1         69   0.0000000000000000E+00   6.0662730352092106E-04   4.4465667018547513E-06   2.0448966323089127E-05
         1         70   0.0000000000000000E+00   2.3472643319640704E-04   5.3911923740726505E-07   4.0985291138711555E-06
         1         71   1.8754737284558728E-03   8.0766864027930291E-02   3.1268432231868426E-02   8.9534534333070535E-03
         1         72   3.4248441769477285E-02   1.8980235414345853E-01   1.0264588514704709E-01   2.0906000936748801E-02
         1         73   0.0000000000000000E+00   7.4775422158733108E-03   7.0821485283620723E-04   9.2861848752745252E-04
         1         74   0.0000000000000000E+00   1.4489081173105694E-02   1.7309236494361603E-03   2.2746319788297799E-03
         1         75   4.2546425699824291E-04   1.3326270556786271E-02   5.2830825454390799E-03   1.6177717533974627E-03
         1         76   0.0000000000000000E+00   1.3140527226543967E-02   1.3276890497420574E-03   2.0039126525433102E-03
         1         77   0.0000000000000000E+00   2.7696148272872232E-03   3.1719957860000487E-04   3.7354181099471509E-04
         1         78   0.0000000000000000E+00   4.0497813553594733E-04   4.2092658643867463E-06   1.9456050112044517E-05
         1         79   0.0000000000000000E+00   2.7488232483885524E-03   4.3481102356398801E-05   1.3905689881640775E-04
         1         80   0.0000000000000000E+00   1.7694508925564603E-04   1.1311665248488130E-06   7.4837303575227946E-06
         2          1   2.3595445736855764E-01   3.7892797512263071E-01   3.0842047656897809E-01   1.4216850212738018E-02
         2          2   5.6886328173614069E-08   1.1656927279837755E-03   1.4092937791649650E-04   1.0278033056454686E-04
         2          3   0.0000000000000000E+00   6.3077452962396153E-03   1.0829690334734530E-04   2.7168607981419105E-04
         2          4   0.0000000000000000E+00   1.6352915604665817E-04   1.4222690706668186E-06   4.3826730191380037E-06
         2          5   5.8869048293482917E-01   9.2093464141411940E-01   7.1143209969162324E-01   4.8728491347523911E-02
         2          6   7.9478843334650723E-06   1.9891616758675536E-02   4.3016743837427244E-03   2.4826327718686352E-03
         2          7   0.0000000000000000E+00   5.4749788917868289E-02   2.0040559466803238E-03   4.3487463459954594E-03
         2          8   0.0000000000000000E+00   3.9612933912201807E-03   6.9294921848132881E-05   1.6965966179362100E-04
         2          9   4.8217570060129339E-01   1.1757782528614107E+00   7.7833893863696813E-01   1.2717065016997295E-01
         2         10   4.1775704849352294E-04   1.5645162206627944E-01   5.1860600698604153E-02   2.2700081095285731E-02
         2         11   0.0000000000000000E+00   2.0128873074434678E-01   1.4530137470151668E-02   2.7836025305523270E-02
         2         12   0.0000000000000000E+00   3.5300747970230389E-02   1.3244447747633647E-03   2.6527726473733904E-03
         2         13   1.5336912160576277E-01   1.4165568412956036E+00   7.2946356167749071E-01   1.7841565412428187E-01
         2         14   8.3559778679621072E-03   5.8161562191562777E-01   2.5520346804293492E-01   7.9312567619820737E-02
         2         15   0.0000000000000000E+00   4.3321622680760474E-01   4.2185325910686008E-02   7.2731071962829949E-02
         2         16   0.0000000000000000E+00   1.4979492809590733E-01   1.0077078377387475E-02   1.6871519072623683E-02
         2         17   1.3274923918582832E-01   1.7831642438780420E+00   9.5008744423798563E-01   2.0630261782504253E-01
         2         18   6.4878123831784915E-02   9.9428389446080034E-01   5.4840524244472599E-01   1.1731207737969548E-01
         2         19   0.0000000000000000E+00   5.0560730702105150E-01   5.2138136232451095E-02   8.1156874367150300E-02
         2         20   0.0000000000000000E+00   3.0478451912627913E-01   3.1462401545050041E-02   4.4621384849796206E-02
         2         21   3.3899642566233856E-01   1.7062042601276572E+00   1.0861055843802132E+00   1.7722413650112417E-01
         2         22   1.8088789875628566E-01   9.9072273257412347E-01   5.9186502419579690E-01   1.0510626707100486E-01
         2         23   0.0000000000000000E+00   2.9860596164604508E-01   3.4291245365331895E-02   4.5569807897459944E-02
         2         24   0.0000000000000000E+00   3.3133203672997319E-01   4.3192557801306077E-02   5.2243060177268909E-02
         2         25   3.3843879970077850E-01   1.2341582248891680E+00   8.1611398801734691E-01   1.1284443197299934E-01
         2         26   1.2657163846955233E-01   6.4092781027403811E-01   4.0341059905730897E-01   6.5965400839014518E-02
         2         27   0.0000000000000000E+00   1.8185357610603109E-01   2.0444508709471069E-02   2.4225071498108118E-02
         2         28   0.0000000000000000E+00   1.8752819334852064E-01   3.0550637219533196E-02   3.2251032720709637E-02
         2         29   1.9402168216469293E-01   6.1333948989892284E-01   4.2422159964311112E-01   5.7312250513280052E-02
         2         30   7.5422709092719406E-02   3.3628207153596834E-01   2.0818587368896496E-01   3.5862661807409567E-02
         2         31   0.0000000000000000E+00   9.6233395990109452E-02   1.2570005973949814E-02   1.4197807836223637E-02
         2         32   0.0000000000000000E+00   9.1037701524214240E-02   1.4516100034646658E-02   1.4613609767203660E-02
         2         33   7.5163658926308621E-02   2.5365272535318717E-01   1.6066306763069965E-01   2.2648079872191106E-02
         2         34   2.6387997869495736E-02   1.3699651481397473E-01   7.9518092519347008E-02   1.5422241850780288E-02
         2         35   0.0000000000000000E+00   3.7498023705238165E-02   5.4084166288073960E-03   5.7331260138509697E-03
         2         36   0.0000000000000000E+00   4.0805223747738317E-02   5.3807152527036483E-03   5.4521369027783519E-03
         2         37   1.8311443447313638E-02   6.5118359839182252E-02   4.0811205966632284E-02   6.0259538778509340E-03
         2         38   4.5510615195292039E-03   3.6763622118111142E-02   1.9891747707390911E-02   3.9724189241939732E-03
         2         39   0.0000000000000000E+00   1.2460034491210440E-02   1.3843971991601095E-03   1.4427382256092442E-03
         2         40   0.0000000000000000E+00   1.0895681225152604E-02   1.3700865167986145E-03   1.4049694752279081E-03
         2         41   2.9515411598935674E-02   1.5204974363521104E-01   8.1922148940338821E-02   1.9745633119433198E-02
         2         42   1.5113523675569860E-03   5.5641895067666702E-02   2.0127775619221470E-02   6.5457129219603219E-03
         2         43   0.0000000000000000E+00   3.0676240055529599E-02   3.1622142503945098E-03   5.1926409870139082E-03
         2         44   0.0000000000000000E+00   1.0027115425033480E-02   8.2738194141029030E-04   1.1444934963873348E-03
         2         45   3.8523890539227095E-05   5.0686738240864667E-03   1.2546359721703432E-03   5.7394664519001034E-04
         2         46   0.0000000000000000E+00   5.2876423253321132E-03   3.8720993058031876E-04   6.3366685531454343E-04
         2         47   0.0000000000000000E+00   1.2027507285363940E-03   1.1626769075041996E-04   1.5076327085034613E-04
         2         48   0.0000000000000000E+00   2.0495470161189335E-03   2.4337988590127970E-05   1.0474655879960901E-04
         2         49   0.0000000000000000E+00   1.6136945338973523E-03   3.2577204290862997E-05   9.0549471125424239E-05
         2         50   0.0000000000000000E+00   2.4347445082240995E-04   1.4489963020184443E-06   8.1567422567522671E-06
         2         51   2.2520046829944837E-02   2.2509499493459695E-01   1.0520177352050633E-01   2.5713809974503000E-02
         2         52   7.2818942886322046E-03   1.9784560785887848E-01   8.5141346084442460E-02   2.4289251428682497E-02
         2         53   0.0000000000000000E+00   3.0795090352819323E-02   3.1097623300372816E-03   4.5377135566364397E-03
         2         54   0.0000000000000000E+00   3.5140382623895010E-02   3.4429199248499302E-03   4.7313128878352364E-03
         2         55   1.6975174743552674E-04   1.1786232208617645E-02   3.5639376673390743E-03   1.4433644595557098E-03
         2         56   0.0000000000000000E+00   1.7434497227539838E-02   1.4354571198834417E-03   2.1557232966999563E-03
         2         57   0.0000000000000000E+00   2.7391116327923275E-03   3.1817354937393479E-04   3.7766273556964075E-04
         2         58   0.0000000000000000E+00   2.3310051012804872E-03   2.6260002093336920E-05   1.1857590545261337E-04
         2         59   0.0000000000000000E+00   4.5788617254311536E-03   9.6851859422280817E-05   2.7069343291619044E-04
         2         60   0.0000000000000000E+00   4.5147516610951379E-04   2.6709999746955323E-06   1.5963060008584906E-05
         2         61   3.0280711526425772E-03   4.3269010808219273E-02   2.1556577981576598E-02   6.4824415564481300E-03
         2         62   2.1566947439157050E-04   1.1592691817860722E-02   4.2643484037717004E-03   1.5101149380005521E-03
         2         63   0.0000000000000000E+00   1.0147651261201205E-02   9.4905922939483400E-04   1.6729792655919738E-03
         2         64   0.0000000000000000E+00   2.3135787044491984E-03   1.3929567145639558E-04   2.2432237483131740E-04
         2         65   3.6581396909747276E-07   4.8032898987905256E-04   8.9178714154283608E-05   5.7903258211445340E-05
         2         66   0.0000000000000000E+00   5.6325519065050875E-04   2.9321580752006353E-05   5.7433529449724585E-05
         2         67   0.0000000000000000E+00   1.5190447210490683E-04   6.6747813904939681E-06   1.1008260640038449E-05
         2         68   0.0000000000000000E+00   4.5937909945686147E-04   4.3219838119133269E-06   1.9714270857755093E-05
         2         69   0.0000000000000000E+00   2.4378992025590344E-04   2.7294946082469624E-06   9.1436364909074518E-06
         2         70   0.0000000000000000E+00   2.5513801061894641E-05   1.1416954845813140E-07   6.6507022975566403E-07
         2         71   4.1302244816456878E-03   1.0499603601372774E-01   4.6485434832570345E-02   1.2491211242584194E-02
         2         72   5.4124194064150422E-03   1.3815329105426971E-01   6.4639245913527432E-02   1.8126051813065178E-02
         2         73   0.0000000000000000E+00   1.2109204322914669E-02   9.6238038277857022E-04   1.2682861365647053E-03
         2         74   0.0000000000000000E+00   2.5188660040449042E-02   2.4554330017701872E-03   3.5097691674525057E-03
         2         75   9.7951278489748268E-05   5.1592187659214913E-03   1.7194463930676994E-03   6.6034318531817821E-04
         2         76   0.0000000000000000E+00   9.1401563692650300E-03   8.1498394929288792E-04   1.1767239729443800E-03
         2         77   0.0000000000000000E+00   1.1469168037346266E-03   1.4281229492351535E-04   1.6157107577571388E-04
         2         78   0.0000000000000000E+00   5.0357454333923798E-04   5.5458749682581633E-06   2.5351227610812120E-05
         2         79   0.0000000000000000E+00   2.0517705330422623E-03   4.8545949916718280E-05   1.3635135274167872E-04
         2         80   0.0000000000000000E+00   1.3576113892414609E-04   8.5615617356495594E-07   5.4285887134042694E-06
         3          1   1.9039145121312731E-05   4.4030727095943634E-03   3.2535717253976608E-04   3.6225032923227355E-04
         3          2   8.0836521080485086E-05   8.4668161263537801E-03   1.5528442325185912E-03   7.5171497244548645E-04
         3          3   0.0000000000000000E+00   1.2595571766237220E-05   2.5011391457917727E-07   1.0449475513301003E-06
         3          4   0.0000000000000000E+00   1.3876003525240667E-03   2.9673017067245283E-05   7.9377558956589031E-05
         3          5   9.7411522978675289E-04   6.2599663828705243E-02   8.9168050522273612E-03   5.6828313724420149E-03
         3          6   2.9274726480113581E-03   9.9330100612524938E-02   2.8735694394380951E-02   1.0495459458028251E-02
         3          7   0.0000000000000000E+00   5.5410280263414361E-04   1.5042510625347667E-05   5.3146268140009758E-05
         3          8   0.0000000000000000E+00   1.9186604328193524E-02   8.0739318304165291E-04   1.6360695633627900E-03
         3          9   1.8842473836345703E-02   3.6760697080587518E-01   1.0468554281891426E-01   3.9618340782696354E-02
         3         10   3.6165766523846447E-02   4.5085234880415159E-01   2.0834427828337693E-01   5.6728027036012936E-02
         3         11   0.0000000000000000E+00   9.1537828635453941E-03   3.6624214032273934E-04   1.0376150693847559E-03
         3         12   0.0000000000000000E+00   9.7635326384508739E-02   8.9080150175614558E-03   1.4037617133918850E-02
         3         13   1.5360040028269897E-01   9.9040910566643092E-01   5.2702867590839098E-01   1.2530638888222997E-01
         3         14   1.5846791424967949E-01   9.9549230900984387E-01   6.0488562472762175E-01   1.2505523003064672E-01
         3         15   0.0000000000000000E+00   5.8049523806031678E-02   3.8043016285528074E-03   7.9950720240710097E-03
         3         16   0.0000000000000000E+00   3.1552395875235845E-01   4.0524116445657461E-02   5.1125363297101344E-02
         3         17   4.8822599874569378E-01   1.7195453193850954E+00   1.1619767476374387E+00   1.9097907189740060E-01
         3         18   2.0629975236460249E-01   1.1583502334885545E+00   7.4759666842140515E-01   1.3300276256947469E-01
         3         19   0.0000000000000000E+00   1.4875284565589697E-01   1.8053378919985149E-02   2.5753068628711729E-02
         3         20   0.0000000000000000E+00   4.9901502134861109E-01   7.8573916117085432E-02   8.1149377890531713E-02
         3         21   5.9088671134147064E-01   1.8206843860620026E+00   1.2066792101827790E+00   1.7001405740618977E-01
         3         22   1.8848847335788296E-01   8.2881791579268804E-01   4.9169423081884278E-01   8.9750813620897416E-02
         3         23   0.0000000000000000E+00   2.1243876513249890E-01   4.1720966021435560E-02   3.9021978030027528E-02
         3         24   0.0000000000000000E+00   3.0987477464324342E-01   7.1293349266662157E-02   5.9708583460880357E-02
         3         25   3.4353679367369933E-01   1.1733754673259151E+00   7.2376568551793041E-01   1.0644823353106804E-01
         3         26   8.9828969887273930E-02   5.7749575112889251E-01   2.9314907864312878E-01   5.9386382421067481E-02
         3         27   0.0000000000000000E+00   1.6485307635982296E-01   4.8731004576613265E-02   3.3477449294990511E-02
         3         28   0.0000000000000000E+00   1.5166795049838994E-01   4.1042837008929696E-02   2.7164142139042884E-02
         3         29   1.6774811804639414E-01   5.3395567587614501E-01   3.5059821714711431E-01   5.4913332208106465E-02
         3         30   6.5021307875941070E-02   3.1715403223371491E-01   1.8023840641839259E-01   3.7158085793839321E-02
         3         31   0.0000000000000000E+00   9.7391341263143208E-02   2.9411690536991577E-02   1.8206306808047419E-02
         3         32   0.0000000000000000E+00   8.2963602252924512E-02   2.3488838076438239E-02   1.5693565263195344E-02
         3         33   7.8367604802182050E-02   2.3244215787259759E-01   1.4562285339297898E-01   2.3130297108609452E-02
         3         34   2.8697365683466893E-02   1.3083605191156586E-01   7.7550034299360943E-02   1.5241563965170291E-02
         3         35   0.0000000000000000E+00   3.4836542206176338E-02   9.5494343844382476E-03   6.2913795593241275E-03
         3         36   0.0000000000000000E+00   3.7565200854647991E-02   1.1172491025959484E-02   7.4388218429878262E-03
         3         37   1.8442457086103540E-02   6.2923939857205333E-02   4.0244588686087511E-02   6.4402833084262322E-03
         3         38   6.1272251420352534E-03   3.4376990048828548E-02   1.9850551029475621E-02   3.8218676407358364E-03
         3         39   0.0000000000000000E+00   7.2472378086297449E-03   1.7705784537749404E-03   1.3900465351032549E-03
         3         40   0.0000000000000000E+00   1.0346928382269319E-02   3.0369621125047835E-03   1.9907033659665578E-03
         3         41   1.1155099878422236E-03   1.7831134314878674E-02   6.2098866007437043E-03   2.2655596482932649E-03
         3         42   1.4372621559660783E-03   3.0281846147495343E-02   1.1049902338634997E-02   4.0145030332806248E-03
         3         43   0.0000000000000000E+00   1.9965932217645209E-03   2.6542831343792921E-04   3.1264995551675439E-04
         3         44   0.0000000000000000E+00   5.0801821064269106E-03   8.0486262133837424E-04   8.0308105113573419E-04
         3         45   2.5699378090957812E-04   1.3886245152150770E-02   4.8137810719705125E-03   1.9804868274170455E-03
         3         46   0.0000000000000000E+00   2.1043864080897358E-03   2.3485978038174880E-04   3.2133840308577191E-04
         3         47   0.0000000000000000E+00   3.7331621968104516E-03   6.6182736350028774E-04   6.3292838971879179E-04
         3         48   0.0000000000000000E+00   6.9288285557997704E-05   2.0341741624899362E-06   6.3252163682418907E-06
         3         49   0.0000000000000000E+00   7.9942824412820249E-04   3.0445788633844136E-05   6.1655559079469303E-05
         3         50   0.0000000000000000E+00   8.1824682597836167E-04   1.8264420086455828E-05   6.0468932350804422E-05
         3         51   7.8450929700938071E-03   6.3815344140387045E-02   3.0104282196327069E-02   8.5571444405593243E-03
         3         52   2.2671553539649187E-02   1.5083894863453876E-01   7.8882518242012423E-02   1.8937879177288060E-02
         3         53   0.0000000000000000E+00   6.2558275394091903E-03   1.0615685000790389E-03   1.0489476986632750E-03
         3         54   0.0000000000000000E+00   1.6027324765764010E-02   2.8853038734822276E-03   2.4852126397501596E-03
         3         55   8.6829056526042568E-04   2.2691150077476522E-02   8.2536194244062014E-03   3.1358239829956803E-03
         3         56   0.0000000000000000E+00   8.4857128595352809E-03   1.2161659753195822E-03   1.3698553115925212E-03
         3         57   0.0000000000000000E+00   5.6158716411644849E-03   1.1940260256092295E-03   9.4118326799059093E-04
         3         58   0.0000000000000000E+00   1.6445308686253255E-04   5.9905764842850483E-06   1.8047969473001188E-05
         3         59   0.0000000000000000E+00   2.5246617900300671E-03   1.4711233639709277E-04   2.7051613126853440E-04
         3         60   0.0000000000000000E+00   8.0331243376869591E-04   2.2963574104679385E-05   7.4767004950988252E-05
         3         61   2.5674897329075721E-05   1.5696005630711763E-03   3.5473547508593707E-04   1.8327007725212326E-04
         3         62   3.6579364090863527E-05   3.5182705632869397E-03   9.6438963802864236E-04   4.4292686405168665E-04
         3         63   0.0000000000000000E+00   8.7844526515481856E-05   6.5539299342607273E-06   1.1093696199158995E-05
         3         64   0.0000000000000000E+00   6.5238755779035485E-04   5.4987896484627249E-05   7.0994031089738861E-05
         3         65   5.2153316815464081E-06   2.2131148709347670E-03   6.4260769838493735E-04   3.0466856454106908E-04
         3         66   0.0000000000000000E+00   1.1934878908113722E-04   7.4906056635620714E-06   1.4045650453979892E-05
         3         67   0.0000000000000000E+00   6.2855922574941883E-04   7.5876159820436402E-05   9.2902169354575352E-05
         3         68   0.0000000000000000E+00   2.7180197880949234E-06   5.4806385791056591E-08   2.1822791315476731E-07
         3         69   0.0000000000000000E+00   2.8823305535427635E-05   4.9872194860406481E-07   1.4006661541003218E-06
         3         70   0.0000000000000000E+00   1.2470994626803707E-04   2.3032006034304215E-06   8.6400542236297539E-06
         3         71   5.9115537312041007E-03   3.8758078917933973E-02   1.9764455676188321E-02   5.0898481900561454E-03
         3         72   1.9603256055927106E-02   1.1084534433338834E-01   6.2470971015080978E-02   1.3508999676545364E-02
         3         73   0.0000000000000000E+00   3.0680776725356142E-03   5.7669714633520539E-04   5.2287380123226986E-04
         3         74   0.0000000000000000E+00   8.9219448413436972E-03   1.6504860369559360E-03   1.3462175012454636E-03
         3         75   2.5401934006968776E-04   7.5431593672093903E-03   2.9465660942286300E-03   1.0824856654875969E-03
         3         76   0.0000000000000000E+00   4.7059338376375980E-03   7.6470010960494501E-04   7.9464039004532275E-04
         3         77   0.0000000000000000E+00   1.7041757890072418E-03   4.2699365784710082E-04   2.9334559413052530E-04
         3         78   0.0000000000000000E+00   9.0531593167971438E-05   2.6386226156927014E-06   8.1552291987797223E-06
         3         79   0.0000000000000000E+00   1.2384278428583919E-03   8.7051138339672634E-05   1.5483311242750174E-04
         3         80   0.0000000000000000E+00   1.5422194432456731E-04   4.9426015464225587E-06   1.6207786479903388E-05
         4          1   1.9852137895519177E-05   2.5359470074477634E-02   5.8625529675843556E-03   2.9686495455347058E-03
         4          2   7.1819364111277828E-07   1.9373876794458682E-04   2.0393587029824198E-05   1.4751026208746634E-05
         4          3   0.0000000000000000E+00   1.3876003525168004E-03   2.9673017067245283E-05   8.4188689167442868E-05
         4          4   0.0000000000000000E+00   1.3226041244387345E-06   1.7916416746756628E-08   8.5490291595262730E-08
         4          5   9.8909854712932849E-04   2.0713613008748122E-01   7.5453242875517551E-02   2.7990039210204855E-02
         4          6   6.4718123416249848E-05   5.4122551080439743E-03   9.9360384654375591E-04   5.1795939066069153E-04
         4          7   0.0000000000000000E+00   1.9186604320831881E-02   8.0739318304165291E-04   1.8181943425346798E-03
         4          8   0.0000000000000000E+00   8.9267154978215737E-05   1.6284792089756150E-06   6.8125343598861314E-06
         4          9   1.8971992468610581E-02   7.3720486930372597E-01   3.9524324864850152E-01   1.1198363327590655E-01
         4         10   2.2909932596544631E-03   6.5439453897462099E-02   1.8990907091630062E-02   7.0953014613427063E-03
         4         11   0.0000000000000000E+00   1.2150608011767250E-01   8.9080150175614558E-03   1.6572581161236347E-02
         4         12   0.0000000000000000E+00   2.2164515869018140E-03   5.7126870557458859E-05   2.0679122572178133E-04
         4         13   1.4419434243516252E-01   1.4565253058901217E+00   9.0311636123585493E-01   2.1214105773438335E-01
         4         14   3.0332022815522337E-02   3.1634343994294123E-01   1.4449289458235950E-01   3.8129116696197403E-02
         4         15   0.0000000000000000E+00   3.5742533131231941E-01   4.0524116445657461E-02   6.4433083340829478E-02
         4         16   0.0000000000000000E+00   2.0245650228156806E-02   7.9054784956191968E-04   2.4227412964498603E-03
         4         17   3.5402936186417377E-01   1.7438775145073320E+00   1.0958866099455220E+00   2.2912431910203729E-01
         4         18   1.5530713017659037E-01   7.5700446102555119E-01   4.5113209399641224E-01   8.2850775267249779E-02
         4         19   0.0000000000000000E+00   5.0821102744237212E-01   7.8573916117085432E-02   1.0840613604864574E-01
         4         20   0.0000000000000000E+00   6.8944895794467262E-02   4.5048296074042026E-03   1.1226567899316335E-02
         4         21   4.2415632102190487E-01   1.5529329425827532E+00   9.8981760613610992E-01   1.7278659774285932E-01
         4         22   2.9549582772065575E-01   9.4654672941286822E-01   6.1932808969027775E-01   8.3805568653137541E-02
         4         23   0.0000000000000000E+00   4.2694526161445040E-01   7.1293349266662157E-02   8.1748055155909979E-02
         4         24   0.0000000000000000E+00   1.3757140419494890E-01   1.1487317737050765E-02   2.1832070843440410E-02
         4         25   3.8439339124902805E-01   1.0756105016635591E+00   7.3891572650605575E-01   1.0381840271446027E-01
         4         26   2.5478440459795859E-01   6.4572139132547401E-01   4.3805851635445531E-01   5.7045796950835961E-02
         4         27   0.0000000000000000E+00   1.5799100548553624E-01   4.1042837008929696E-02   3.2939192116383083E-02
         4         28   0.0000000000000000E+00   1.3425103752981027E-01   1.4989605171853692E-02   2.0896131727916163E-02
         4         29   2.3273690448836026E-01   6.0147057240691937E-01   4.0180188276463774E-01   5.5458714437549191E-02
         4         30   9.6897207336443622E-02   3.2127507124559623E-01   2.0814299874453926E-01   3.1475838803008055E-02
         4         31   0.0000000000000000E+00   1.0096058980424719E-01   2.3488838076438239E-02   1.5933152026588345E-02
         4         32   0.0000000000000000E+00   7.8840308705828033E-02   1.1456623643767753E-02   1.2758942090982720E-02
         4         33   8.5408241166752552E-02   2.2847494227070020E-01   1.5246233455912470E-01   2.2528290357122432E-02
         4         34   2.9912565126478368E-02   1.3330110624744640E-01   7.7152830678703710E-02   1.4212206124401539E-02
         4         35   0.0000000000000000E+00   4.6331123638001785E-02   1.1172491025959486E-02   7.5627339821848728E-03
         4         36   0.0000000000000000E+00   3.6479651452631337E-02   5.3850613514096332E-03   5.3840924661593108E-03
         4         37   1.8674954873742163E-02   5.8135349184262247E-02   3.8153193030308077E-02   5.9060959031013898E-03
         4         38   7.4582573770217830E-03   3.5539139945369926E-02   1.9645353467203888E-02   4.0297603162012243E-03
         4         39   0.0000000000000000E+00   1.0901345227156632E-02   3.0369621125047835E-03   2.0300261956303846E-03
         4         40   0.0000000000000000E+00   7.8437306173809677E-03   1.5054828159057896E-03   1.4525440771384116E-03
         4         41   5.4091653133283711E-04   3.9524833966065175E-02   1.5368346708766299E-02   6.4890730024388743E-03
         4         42   6.4028587123842189E-04   1.6865919989341470E-02   6.4568734488446525E-03   2.4392167517317126E-03
         4         43   0.0000000000000000E+00   8.3748063121092103E-03   1.0680030268558089E-03   1.3462495134011036E-03
         4         44   0.0000000000000000E+00   1.6619339855034026E-03   8.5538302972589379E-05   1.8787708462976891E-04
         4         45   1.0927370552669048E-04   2.1370394521337322E-03   7.3866014818478360E-04   2.7482445940067821E-04
         4         46   0.0000000000000000E+00   3.1061048272033641E-03   3.3671633206741592E-04   4.4699628070368568E-04
         4         47   0.0000000000000000E+00   4.0250979714361750E-04   2.4770808097268637E-05   4.8416490320314717E-05
         4         48   0.0000000000000000E+00   9.1496319379539691E-04   3.9594902133000363E-05   1.0470121509175723E-04
         4         49   0.0000000000000000E+00   3.9724490153251785E-04   1.4175322869017008E-05   4.3739322973924964E-05
         4         50   0.0000000000000000E+00   1.2761377930418130E-05   7.2239615990852243E-08   5.4477758148563940E-07
         4         51   4.6102873580600862E-03   1.0873403801140662E-01   4.6985633083177748E-02   1.5991740178924158E-02
         4         52   1.2670163739917637E-02   1.1044982941612942E-01   5.4773996679244825E-02   1.3883157712285163E-02
         4         53   0.0000000000000000E+00   1.4786078373260529E-02   2.6221634679647931E-03   2.8323288334039269E-03
         4         54   0.0000000000000000E+00   6.2808619819630165E-03   3.8880599917239038E-04   7.5032521732362018E-04
         4         55   3.9795598439990352E-04   6.8297825712126349E-03   2.3760160486571160E-03   8.3599856274585601E-04
         4         56   0.0000000000000000E+00   9.9625012808656817E-03   1.5191370570421013E-03   1.7893927347030962E-03
         4         57   0.0000000000000000E+00   1.2708225701473421E-03   9.3380538036308422E-05   1.5981055098422862E-04
         4         58   0.0000000000000000E+00   1.2761250217131802E-03   4.9184160382468071E-05   1.2815997288623656E-04
         4         59   0.0000000000000000E+00   1.5262224270387570E-03   6.8280665513253410E-05   1.9796469010500563E-04
         4         60   0.0000000000000000E+00   3.6714686329059104E-05   2.1389120682111649E-07   1.5987560190739672E-06
         4         61   2.3490613093059262E-05   6.1415291307353329E-03   2.0089698052950635E-03   1.0387848130267799E-03
         4         62   1.5900910750081688E-05   1.5849277689874985E-03   4.7603969356098343E-04   2.3278582782996254E-04
         4         63   0.0000000000000000E+00   1.0027656565314788E-03   1.1088351256537690E-04   1.6555596272377487E-04
         4         64   0.0000000000000000E+00   9.1048266814885276E-05   3.3543127360136201E-06   9.5379935641844075E-06
         4         65   1.5402731303793808E-06   1.2496023914984288E-04   2.9281578754357884E-05   1.3985983119128446E-05
         4         66   0.0000000000000000E+00   2.9629870820031888E-04   1.3864724425399611E-05   2.2600694592569643E-05
         4         67   0.0000000000000000E+00   1.2537038289037363E-05   5.1863800886364138E-07   1.2955748968980037E-06
         4         68   0.0000000000000000E+00   2.2804073199661872E-04   5.2766333832306531E-06   1.5908667474024695E-05
         4         69   0.0000000000000000E+00   1.2851942194779332E-05   2.0318686533773077E-07   7.8456644892243447E-07
         4         70   0.0000000000000000E+00   3.2548494457412493E-07   1.6973030286108709E-09   1.3819039678423911E-08
         4         71   3.6103252173677863E-03   6.0627949757855196E-02   2.7599167718215689E-02   8.3931211586063207E-03
         4         72   1.1340712270143105E-02   8.4346917709080857E-02   4.5053107862181051E-02   1.0505717628797664E-02
         4         73   0.0000000000000000E+00   6.3509181107255395E-03   1.2039832681163998E-03   1.1757595198652166E-03
         4         74   0.0000000000000000E+00   3.2934226642143470E-03   2.3628142094853292E-04   4.3331435976789692E-04
         4         75   2.0571461693393733E-04   3.2521803658414421E-03   1.1772170385237371E-03   4.0848264578468728E-04
         4         76   0.0000000000000000E+00   5.3896642601328143E-03   9.2121300007730095E-04   1.0311103234888739E-03
         4         77   0.0000000000000000E+00   5.7417654098082538E-04   4.8553935986708062E-05   7.7142897982889708E-05
         4         78   0.0000000000000000E+00   3.1847380557019117E-04   1.0849778118694221E-05   2.9724113794699221E-05
         4         79   0.0000000000000000E+00   9.0994929863901690E-04   4.0158412542650761E-05   1.1381957223303158E-04
         4         80   0.0000000000000000E+00   1.7489883308328738E-05   9.3013196886555462E-08   6.9958997056060778E-07
