#
H  cc-TZ
  6
  1  0  0  3  1
       10.8827241585  -0.0167058885
        3.0968750876  -0.0627538300
        0.9874518162  -0.1917521975
  1  0  0  1  1
        0.3450687533   1.0000000000
  1  0  0  1  1
        0.1492693554   1.0000000000
  2  1  1  1  1
        1.4070000000   1.0000000000
  2  1  1  1  1
        0.3880000000   1.0000000000
  3  2  2  1  1
        1.0570000000   1.0000000000
#
H  cc-QZ
  10
  1  0  0  3  1
        12.5350945530   0.0114321687
         4.5491539489   0.0344048283
         1.6685193606   0.1007746979
  1  0  0  1  1
         0.6523849556   1.0000000000
  1  0  0  1  1
         0.2733011244   1.0000000000
  1  0  0  1  1
         0.1390608890   1.0000000000
  2  1  1  1  1
         2.2920000000   1.0000000000
  2  1  1  1  1
         0.8380000000   1.0000000000
  2  1  1  1  1
         0.2920000000   1.0000000000
  3  2  2  1  1
         2.0620000000   1.0000000000
  3  2  2  1  1
         0.6620000000   1.0000000000
  4  3  3  1  1
         1.3970000000   1.0000000000
#
O  cc-TZ
  6
  2  0  1  3  1  1
       10.2674419938   0.0989598460  -0.0595856940
        3.7480495696   0.1041178339  -0.1875649045
        1.3308337704  -0.3808255700  -0.3700707718
  2  0  1  1  1  1
        0.4556802254   1.0000000000   1.0000000000
  2  0  1  1  1  1
        0.1462920596   1.0000000000   1.0000000000
  3  2  2  1  1
        2.3140000000   1.0000000000
  3  2  2  1  1
        0.6450000000   1.0000000000
  4  3  3  1  1
        1.4280000000   1.0000000000
#
O  cc-QZ
  10
  2  0  1  3  1  1
       11.8298677444  -0.0658681959   0.0389990698
        4.9326307395  -0.1327117781   0.1329824319
        1.9312997298   0.1529660213   0.2737974007
  2  0  1  1  1  1
        0.7724003899   1.0000000000  1.0000000000
  2  0  1  1  1  1
        0.2976334392   1.0000000000  1.0000000000
  2  0  1  1  1  1
        0.1070061063   1.0000000000  1.0000000000
  3  2  2  1  1
        3.7750000000   1.0000000000
  3  2  2  1  1
        1.3000000000   1.0000000000
  3  2  2  1  1
        0.4440000000   1.0000000000
  4  3  3  1  1
        2.666000000    1.0000000000
  4  3  3  1  1
        0.859000000    1.0000000000
  5  4  4  1  1
        1.846000000    1.0000000000
#
 H   RI-cc-TZ
  10
  1  0  0  1  1
        8.5115919487        1.0000000000
  1  0  0  1  1
        1.8744684087        1.0000000000
  1  0  0  1  1                          
        0.5632515602        1.0000000000  
  1  0  0  1  1                        
        0.3698299759        1.0000000000
  1  1  1  1  1                        
        2.3711712242        1.0000000000
  1  1  1  1  1                         
        1.1794161391        1.0000000000 
  1  1  1  1  1                         
        0.6050431621        1.0000000000 
  1  2  2  1  1                        
        1.8092525711        1.0000000000 
  1  2  2  1  1                        
        1.1433220615        1.0000000000
  1  3  3  1  1                         
        1.8065804513        1.0000000000
#
 O   RI-cc-TZ
  20
  1  0  0  1  1
       24.5595006061        1.0000000000
  1  0  0  1  1
        8.3254503805        1.0000000000
  1  0  0  1  1
        2.8895585562        1.0000000000
  1  0  0  1  1
        1.3383587201        1.0000000000
  1  0  0  1  1
        0.8797495165        1.0000000000
  1  0  0  1  1
        0.2902204697        1.0000000000
  1  1  1  1  1
       15.0341204959        1.0000000000
  1  1  1  1  1
        3.9838033442        1.0000000000
  1  1  1  1  1
        2.2151496463        1.0000000000
  1  1  1  1  1
        0.8979637674        1.0000000000
  1  1  1  1  1
        0.4128471304        1.0000000000
  1  2  2  1  1
       15.8683289847        1.0000000000
  1  2  2  1  1
        5.3913486662        1.0000000000
  1  2  2  1  1
        2.5385447175        1.0000000000
  1  2  2  1  1
        1.0911199995        1.0000000000
  1  2  2  1  1
        0.3766843343        1.0000000000
  1  3  3  1  1
        4.6812603411        1.0000000000
  1  3  3  1  1
        2.1656106741        1.0000000000
  1  3  3  1  1
        1.0331835741        1.0000000000
  1  4  4  1  1
        2.3079719899        1.0000000000
#
  H    RI-cc-QZ
   15
     1   0   0   1   1
     21.8836407899    1.0000000000
     2   0   0   1   1
      4.2837783127    1.0000000000
     3   0   0   1   1
      1.0341692710    1.0000000000
     4   0   0   1   1
      0.3649238254    1.0000000000
     5   0   0   1   1
      0.2633199973    1.0000000000
     6   1   1   1   1
      3.1831765616    1.0000000000
     7   1   1   1   1
      1.1560955307    1.0000000000
     8   1   1   1   1
      0.4717540578    1.0000000000
     9   1   1   1   1
      0.4043255615    1.0000000000
    10   2   2   1   1
      2.7025458136    1.0000000000
    11   2   2   1   1
      0.8706533217    1.0000000000
    12   2   2   1   1
      0.4927409430    1.0000000000
    13   3   3   1   1
      1.7575809669    1.0000000000
    14   3   3   1   1
      0.6774627457    1.0000000000
    15   4   4   1   1
      2.0718370753    1.0000000000
#
  O    RI-cc-QZ
   28
     1   0   0   1   1
     25.1171488340    1.0000000000
     2   0   0   1   1
     10.9988949559    1.0000000000
     3   0   0   1   1
      5.2203513956    1.0000000000
     4   0   0   1   1
      2.5635414246    1.0000000000
     5   0   0   1   1
      1.4596894435    1.0000000000
     6   0   0   1   1
      0.5707079211    1.0000000000
     7   0   0   1   1
      0.2617953114    1.0000000000
     8   1   1   1   1
     22.2940116431    1.0000000000
     9   1   1   1   1
      6.5639643213    1.0000000000
    10   1   1   1   1
      3.3299598934    1.0000000000
    11   1   1   1   1
      1.8046495806    1.0000000000
    12   1   1   1   1
      0.7131487424    1.0000000000
    13   1   1   1   1
      0.2538249681    1.0000000000
    14   2   2   1   1
     20.3940468678    1.0000000000
    15   2   2   1   1
      8.6350329632    1.0000000000
    16   2   2   1   1
      3.8970951312    1.0000000000
    17   2   2   1   1
      2.0821559241    1.0000000000
    18   2   2   1   1
      0.8514967324    1.0000000000
    19   2   2   1   1
      0.3199376954    1.0000000000
    20   3   3   1   1
     10.5013624254    1.0000000000
    21   3   3   1   1
      4.4385110415    1.0000000000
    22   3   3   1   1
      2.9269655994    1.0000000000
    23   3   3   1   1
      1.3555345603    1.0000000000
    24   3   3   1   1
      0.7686657288    1.0000000000
    25   4   4   1   1
      4.9489437981    1.0000000000
    26   4   4   1   1
      2.5423690215    1.0000000000
    27   4   4   1   1
      1.2221256329    1.0000000000
    28   5   5   1   1
      2.7925756719    1.0000000000
#

# Chlorine unknown_basis (5s,4p,3d,2f,1g) -> [4s,4p,3d,2f,1g]
Cl cc-QZ
    14
1 0 0 2 1
      6.207531               1.911772e-02
      2.434800              -3.227720e-01
1 0 0 1 1
      0.584559               1.000000e+00
1 0 0 1 1
      0.270443               1.000000e+00
1 0 0 1 1
      0.119753               1.000000e+00
1 1 1 1 1
      3.836209               1.000000e+00
1 1 1 1 1
      0.806502               1.000000e+00
1 1 1 1 1
      0.310784               1.000000e+00
1 1 1 1 1
      0.112382               1.000000e+00
1 2 2 1 1
      1.817108               1.000000e+00
1 2 2 1 1
      0.684067               1.000000e+00
1 2 2 1 1
      0.265557               1.000000e+00
1 3 3 1 1
      1.175936               1.000000e+00
1 3 3 1 1
      0.446160               1.000000e+00
1 4 4 1 1
      0.847681               1.000000e+00

# Chlorine unknown_basis_autoaux (8s,8p,8d,5f,4g,4h) -> [8s,8p,8d,5f,4g,4h]
Cl RI-cc-QZ
    37
1 0 0 1 1
      1.376050e+01           1.0
1 0 0 1 1
      7.644724e+00           1.0
1 0 0 1 1
      4.247069e+00           1.0
1 0 0 1 1
      2.359483e+00           1.0
1 0 0 1 1
      1.310824e+00           1.0
1 0 0 1 1
      7.282354e-01           1.0
1 0 0 1 1
      4.045752e-01           1.0
1 0 0 1 1
      2.247640e-01           1.0
1 1 1 1 1
      1.376050e+01           1.0
1 1 1 1 1
      7.644724e+00           1.0
1 1 1 1 1
      4.247069e+00           1.0
1 1 1 1 1
      2.359483e+00           1.0
1 1 1 1 1
      1.310824e+00           1.0
1 1 1 1 1
      7.282354e-01           1.0
1 1 1 1 1
      4.045752e-01           1.0
1 1 1 1 1
      2.247640e-01           1.0
1 2 2 1 1
      1.376050e+01           1.0
1 2 2 1 1
      7.644724e+00           1.0
1 2 2 1 1
      4.247069e+00           1.0
1 2 2 1 1
      2.359483e+00           1.0
1 2 2 1 1
      1.310824e+00           1.0
1 2 2 1 1
      7.282354e-01           1.0
1 2 2 1 1
      4.045752e-01           1.0
1 2 2 1 1
      2.247640e-01           1.0
1 3 3 1 1
      8.853448e+00           1.0
1 3 3 1 1
      4.024294e+00           1.0
1 3 3 1 1
      1.829225e+00           1.0
1 3 3 1 1
      8.314658e-01           1.0
1 3 3 1 1
      3.779390e-01           1.0
1 4 4 1 1
      5.655302e+00           1.0
1 4 4 1 1
      2.570592e+00           1.0
1 4 4 1 1
      1.168451e+00           1.0
1 4 4 1 1
      5.311140e-01           1.0
1 5 5 1 1
      8.659461e+00           1.0
1 5 5 1 1
      3.764983e+00           1.0
1 5 5 1 1
      1.636949e+00           1.0
1 5 5 1 1
      7.117170e-01           1.0

# Chlorine unknown_basis_autoaux (8s,8p,8d,4f,3g) -> [8s,8p,8d,4f,3g]
Cl RI-cc-TZ
    31
1 0 0 1 1
      1.376050e+01           1.0
1 0 0 1 1
      7.644724e+00           1.0
1 0 0 1 1
      4.247069e+00           1.0
1 0 0 1 1
      2.359483e+00           1.0
1 0 0 1 1
      1.310824e+00           1.0
1 0 0 1 1
      7.282354e-01           1.0
1 0 0 1 1
      4.045752e-01           1.0
1 0 0 1 1
      2.247640e-01           1.0
1 1 1 1 1
      1.376050e+01           1.0
1 1 1 1 1
      7.644724e+00           1.0
1 1 1 1 1
      4.247069e+00           1.0
1 1 1 1 1
      2.359483e+00           1.0
1 1 1 1 1
      1.310824e+00           1.0
1 1 1 1 1
      7.282354e-01           1.0
1 1 1 1 1
      4.045752e-01           1.0
1 1 1 1 1
      2.247640e-01           1.0
1 2 2 1 1
      1.376050e+01           1.0
1 2 2 1 1
      7.644724e+00           1.0
1 2 2 1 1
      4.247069e+00           1.0
1 2 2 1 1
      2.359483e+00           1.0
1 2 2 1 1
      1.310824e+00           1.0
1 2 2 1 1
      7.282354e-01           1.0
1 2 2 1 1
      4.045752e-01           1.0
1 2 2 1 1
      2.247640e-01           1.0
1 3 3 1 1
      4.989461e+00           1.0
1 3 3 1 1
      2.267937e+00           1.0
1 3 3 1 1
      1.030880e+00           1.0
1 3 3 1 1
      4.685820e-01           1.0
1 4 4 1 1
      3.448016e+00           1.0
1 4 4 1 1
      1.567280e+00           1.0
1 4 4 1 1
      7.124000e-01           1.0

# Chlorine unknown_basis (7s,6p,2d,1f) -> [3s,3p,2d,1f]
Cl cc-TZ
    9
1 0 0 1 1
      1.014209               1.000000e+00
1 0 0 5 1
      6.207531               1.911772e-02
      2.434800              -3.227720e-01
      0.584559               4.800122e-01
      0.270443               5.556223e-01
      0.119753               1.622979e-01
1 0 0 1 1
      0.183590               1.000000e+00
1 1 1 1 1
      0.908871               1.000000e+00
1 1 1 4 1
      3.836209              -3.930306e-02
      0.806502               3.523260e-01
      0.310784               5.304900e-01
      0.112382               2.598174e-01
1 1 1 1 1
      0.142482               1.000000e+00
1 2 2 1 1
      1.156611               1.000000e+00
1 2 2 1 1
      0.356200               1.000000e+00
1 3 3 1 1
      0.737543               1.000000e+00

# Sodium unknown_basis (5s,6p,1d,1f) -> [4s,3p,1d,1f]
Na cc-QZ
    8
1 0 0 3 2
     16.175831              -1.596179e-01           2.478893e-02
      2.140509               4.685776e-01          -7.692374e-02
      0.883841               4.811438e-01          -1.438734e-01
1 0 0 1 1
      0.405123               1.000000e+00
1 0 0 1 1
      0.041252               1.000000e+00
1 1 1 4 1
     20.082894               7.393111e-02
      7.614307               2.023851e-01
      2.825055               3.715998e-01
      1.048578               4.127684e-01
1 1 1 1 1
      0.373799               1.000000e+00
1 1 1 1 1
      0.068786               1.000000e+00
1 2 2 1 1
      0.089688               1.000000e+00
1 3 3 1 1
      0.121772               1.000000e+00

# Sodium unknown_basis_autoaux (12s,11p,10d,5f,5g) -> [12s,11p,10d,5f,5g]
Na RI-cc-QZ 
    43
1 0 0 1 1
      5.302401e+01           1.0
1 0 0 1 1
      2.945778e+01           1.0
1 0 0 1 1
      1.636543e+01           1.0
1 0 0 1 1
      9.091908e+00           1.0
1 0 0 1 1
      5.051060e+00           1.0
1 0 0 1 1
      2.806145e+00           1.0
1 0 0 1 1
      1.558969e+00           1.0
1 0 0 1 1
      8.660940e-01           1.0
1 0 0 1 1
      4.811633e-01           1.0
1 0 0 1 1
      2.673130e-01           1.0
1 0 0 1 1
      1.485072e-01           1.0
1 0 0 1 1
      8.250400e-02           1.0
1 1 1 1 1
      3.928871e+01           1.0
1 1 1 1 1
      2.182706e+01           1.0
1 1 1 1 1
      1.212614e+01           1.0
1 1 1 1 1
      6.736747e+00           1.0
1 1 1 1 1
      3.742637e+00           1.0
1 1 1 1 1
      2.079243e+00           1.0
1 1 1 1 1
      1.155135e+00           1.0
1 1 1 1 1
      6.417416e-01           1.0
1 1 1 1 1
      3.565231e-01           1.0
1 1 1 1 1
      1.980684e-01           1.0
1 1 1 1 1
      1.100380e-01           1.0
1 2 2 1 1
      2.597317e+01           1.0
1 2 2 1 1
      1.442954e+01           1.0
1 2 2 1 1
      8.016409e+00           1.0
1 2 2 1 1
      4.453561e+00           1.0
1 2 2 1 1
      2.474200e+00           1.0
1 2 2 1 1
      1.374556e+00           1.0
1 2 2 1 1
      7.636421e-01           1.0
1 2 2 1 1
      4.242456e-01           1.0
1 2 2 1 1
      2.356920e-01           1.0
1 2 2 1 1
      1.309400e-01           1.0
1 3 3 1 1
      3.712349e+00           1.0
1 3 3 1 1
      1.687431e+00           1.0
1 3 3 1 1
      7.670142e-01           1.0
1 3 3 1 1
      3.486428e-01           1.0
1 3 3 1 1
      1.584740e-01           1.0
1 4 4 1 1
      4.201990e+00           1.0
1 4 4 1 1
      1.909996e+00           1.0
1 4 4 1 1
      8.681798e-01           1.0
1 4 4 1 1
      3.946272e-01           1.0
1 4 4 1 1
      1.793760e-01           1.0

# Sodium unknown_basis_autoaux (12s,11p,10d,5f,5g) -> [12s,11p,10d,5f,5g]
Na RI-cc-TZ 
    43
1 0 0 1 1
      5.302401e+01           1.0
1 0 0 1 1
      2.945778e+01           1.0
1 0 0 1 1
      1.636543e+01           1.0
1 0 0 1 1
      9.091908e+00           1.0
1 0 0 1 1
      5.051060e+00           1.0
1 0 0 1 1
      2.806145e+00           1.0
1 0 0 1 1
      1.558969e+00           1.0
1 0 0 1 1
      8.660940e-01           1.0
1 0 0 1 1
      4.811633e-01           1.0
1 0 0 1 1
      2.673130e-01           1.0
1 0 0 1 1
      1.485072e-01           1.0
1 0 0 1 1
      8.250400e-02           1.0
1 1 1 1 1
      3.928871e+01           1.0
1 1 1 1 1
      2.182706e+01           1.0
1 1 1 1 1
      1.212614e+01           1.0
1 1 1 1 1
      6.736747e+00           1.0
1 1 1 1 1
      3.742637e+00           1.0
1 1 1 1 1
      2.079243e+00           1.0
1 1 1 1 1
      1.155135e+00           1.0
1 1 1 1 1
      6.417416e-01           1.0
1 1 1 1 1
      3.565231e-01           1.0
1 1 1 1 1
      1.980684e-01           1.0
1 1 1 1 1
      1.100380e-01           1.0
1 2 2 1 1
      2.597317e+01           1.0
1 2 2 1 1
      1.442954e+01           1.0
1 2 2 1 1
      8.016409e+00           1.0
1 2 2 1 1
      4.453561e+00           1.0
1 2 2 1 1
      2.474200e+00           1.0
1 2 2 1 1
      1.374556e+00           1.0
1 2 2 1 1
      7.636421e-01           1.0
1 2 2 1 1
      4.242456e-01           1.0
1 2 2 1 1
      2.356920e-01           1.0
1 2 2 1 1
      1.309400e-01           1.0
1 3 3 1 1
      3.712349e+00           1.0
1 3 3 1 1
      1.687431e+00           1.0
1 3 3 1 1
      7.670142e-01           1.0
1 3 3 1 1
      3.486428e-01           1.0
1 3 3 1 1
      1.584740e-01           1.0
1 4 4 1 1
      4.201990e+00           1.0
1 4 4 1 1
      1.909996e+00           1.0
1 4 4 1 1
      8.681798e-01           1.0
1 4 4 1 1
      3.946272e-01           1.0
1 4 4 1 1
      1.793760e-01           1.0

# Sodium unknown_basis (5s,6p,1d,1f) -> [4s,3p,1d,1f]
Na cc-TZ 
    8
1 0 0 3 2
     16.175831              -1.596179e-01           2.478893e-02
      2.140509               4.685776e-01          -7.692374e-02
      0.883841               4.811438e-01          -1.438734e-01
1 0 0 1 1
      0.405123               1.000000e+00
1 0 0 1 1
      0.041252               1.000000e+00
1 1 1 4 1
     20.082894               7.393111e-02
      7.614307               2.023851e-01
      2.825055               3.715998e-01
      1.048578               4.127684e-01
1 1 1 1 1
      0.373799               1.000000e+00
1 1 1 1 1
      0.068786               1.000000e+00
1 2 2 1 1
      0.089688               1.000000e+00
1 3 3 1 1
      0.121772               1.000000e+00

Na TZV2P-MOLOPT-PBE-GTH-q1 
 1
 2 0 2 3 3 2 1
         0.55937327280667     4.32698741744364E-01    -3.62793274495803E-01     8.25319840348854E-01    -9.29686125933925E-02     9.88742435397940E-01     4.01808736607890E-01
         0.08401566905623    -7.04674873494766E-01     4.34900470135887E-01     5.60620106436364E-01     6.69532915505373E-01    -2.50709297656926E-02     6.78002962670453E-01
         0.03702783530289     5.62321190742426E-01     8.24161768742155E-01     6.74704185982516E-02     7.36941322038149E-01     1.47512185679806E-01     6.15517442316349E-01

# Calcium unknown_basis_autoaux (12s,12p,12d,6f,6g,5h) -> [12s,12p,12d,6f,6g,5h]
Ca RI-cc-TZ
    53
1 0 0 1 1
      2.572743e+01           1.0
1 0 0 1 1
      1.429302e+01           1.0
1 0 0 1 1
      7.940566e+00           1.0
1 0 0 1 1
      4.411425e+00           1.0
1 0 0 1 1
      2.450792e+00           1.0
1 0 0 1 1
      1.361551e+00           1.0
1 0 0 1 1
      7.564172e-01           1.0
1 0 0 1 1
      4.202318e-01           1.0
1 0 0 1 1
      2.334621e-01           1.0
1 0 0 1 1
      1.297012e-01           1.0
1 0 0 1 1
      7.205621e-02           1.0
1 0 0 1 1
      4.003123e-02           1.0
1 1 1 1 1
      2.572743e+01           1.0
1 1 1 1 1
      1.429302e+01           1.0
1 1 1 1 1
      7.940566e+00           1.0
1 1 1 1 1
      4.411425e+00           1.0
1 1 1 1 1
      2.450792e+00           1.0
1 1 1 1 1
      1.361551e+00           1.0
1 1 1 1 1
      7.564172e-01           1.0
1 1 1 1 1
      4.202318e-01           1.0
1 1 1 1 1
      2.334621e-01           1.0
1 1 1 1 1
      1.297012e-01           1.0
1 1 1 1 1
      7.205621e-02           1.0
1 1 1 1 1
      4.003123e-02           1.0
1 2 2 1 1
      2.572743e+01           1.0
1 2 2 1 1
      1.429302e+01           1.0
1 2 2 1 1
      7.940566e+00           1.0
1 2 2 1 1
      4.411425e+00           1.0
1 2 2 1 1
      2.450792e+00           1.0
1 2 2 1 1
      1.361551e+00           1.0
1 2 2 1 1
      7.564172e-01           1.0
1 2 2 1 1
      4.202318e-01           1.0
1 2 2 1 1
      2.334621e-01           1.0
1 2 2 1 1
      1.297012e-01           1.0
1 2 2 1 1
      7.205621e-02           1.0
1 2 2 1 1
      4.003123e-02           1.0
1 3 3 1 1
      7.628947e+00           1.0
1 3 3 1 1
      3.467703e+00           1.0
1 3 3 1 1
      1.576229e+00           1.0
1 3 3 1 1
      7.164676e-01           1.0
1 3 3 1 1
      3.256671e-01           1.0
1 3 3 1 1
      1.480305e-01           1.0
1 4 4 1 1
      7.628947e+00           1.0
1 4 4 1 1
      3.467703e+00           1.0
1 4 4 1 1
      1.576229e+00           1.0
1 4 4 1 1
      7.164676e-01           1.0
1 4 4 1 1
      3.256671e-01           1.0
1 4 4 1 1
      1.480305e-01           1.0
1 5 5 1 1
      7.164763e+00           1.0
1 5 5 1 1
      3.115114e+00           1.0
1 5 5 1 1
      1.354398e+00           1.0
1 5 5 1 1
      5.888685e-01           1.0
1 5 5 1 1
      2.560298e-01           1.0

 Ca ccGRB-T-q10
   3
  1  0  1  7  4  3
   9.17434504289       -0.0289461771   -0.0048469815   -0.0119330249   -0.1571884475    0.0188385442   -0.0140104995   -0.0111101938
   3.30400508834        0.4727072869    0.1419249669   -0.1231002755    1.2068174643    0.0154411536    0.0530256055    0.0855276825
   1.18988871388       -0.5905377228   -0.2360779395    0.0452931834   -3.4265360551   -0.5610068134    0.1576226643   -0.7323238349
  0.428520874986       -0.7178987768   -0.3611418313    1.8117387731    3.5758829124   -0.4848379012    0.5693087460    0.3048824799
  0.154325474439        0.0017988363   -0.1010851919   -3.3486123344   -1.4545786339   -0.0677516324   -1.0455343839    1.1637044139
  0.555780440372E-01   -0.0162061040    1.1979623684    1.7925477777   -0.5644262540   -0.0012459014   -0.2810878166   -1.3442205919
  0.200156130427E-01    0.0022298100   -0.0093329432    0.0494691367    0.8533341343    0.0000886498    0.0099852300    0.0349227636
2 2 2 2 2
      3.46940000             1.0000000   0.0000000
      0.15552959             0.0000000   1.0000000
3 3 3 1 1
      0.12801489             1.0000000

 C  ccGRB-T-q4
   3
  1  0  1  5  3  3
   5.74965333683       -0.0817248572    0.0742180236    0.0328300494   -0.0445219171    0.0349845065   -0.1018761863
   2.18308423078       -0.1283127493    0.1089142969   -0.9797153278   -0.1325026187    0.1631629013   -0.0309007047
  0.828894627117        0.2645234113   -0.2900627899    3.6704859923   -0.3058370658    0.2303314955   -1.4679692809
  0.314722763866        0.5948028258   -1.4416458674   -4.0705870600   -0.3737517062    0.7607717879    2.2997380071
  0.119496996186        0.3081740799    1.7553695503    1.7347119026   -0.3790589051   -1.2876663678   -1.1229988683
   1 2 2 2 2
      1.097000E+00           1.000000E+00           0.000000E+00
      3.180000E-01           0.000000E+00           1.000000E+00
   1 3 3 1 1
      7.610000E-01           1.0000000

# Carbon unknown_basis_autoaux (8s,8p,8d,4f,3g) -> [8s,8p,8d,4f,3g]
  C    RI-CC-TZ
    31
1 0 0 1 1
      1.463169e+01           1.0
1 0 0 1 1
      8.128717e+00           1.0
1 0 0 1 1
      4.515954e+00           1.0
1 0 0 1 1
      2.508863e+00           1.0
1 0 0 1 1
      1.393813e+00           1.0
1 0 0 1 1
      7.743405e-01           1.0
1 0 0 1 1
      4.301892e-01           1.0
1 0 0 1 1
      2.389940e-01           1.0
1 1 1 1 1
      1.463169e+01           1.0
1 1 1 1 1
      8.128717e+00           1.0
1 1 1 1 1
      4.515954e+00           1.0
1 1 1 1 1
      2.508863e+00           1.0
1 1 1 1 1
      1.393813e+00           1.0
1 1 1 1 1
      7.743405e-01           1.0
1 1 1 1 1
      4.301892e-01           1.0
1 1 1 1 1
      2.389940e-01           1.0
1 2 2 1 1
      1.463169e+01           1.0
1 2 2 1 1
      8.128717e+00           1.0
1 2 2 1 1
      4.515954e+00           1.0
1 2 2 1 1
      2.508863e+00           1.0
1 2 2 1 1
      1.393813e+00           1.0
1 2 2 1 1
      7.743405e-01           1.0
1 2 2 1 1
      4.301892e-01           1.0
1 2 2 1 1
      2.389940e-01           1.0
1 3 3 1 1
      4.658468e+00           1.0
1 3 3 1 1
      2.117485e+00           1.0
1 3 3 1 1
      9.624934e-01           1.0
1 3 3 1 1
      4.374970e-01           1.0
1 4 4 1 1
      3.078240e+00           1.0
1 4 4 1 1
      1.399200e+00           1.0
1 4 4 1 1
      6.360000e-01           1.0
