################################################################################
# Symmetry function scaling data.
################################################################################
# Col  Name     Description
################################################################################
# 1    e_index  Element index.
# 2    sf_index Symmetry function index.
# 3    sf_min   Symmetry function minimum.
# 4    sf_max   Symmetry function maximum.
# 5    sf_mean  Symmetry function mean.
# 6    sf_sigma Symmetry function sigma.
#########################################################################################################################
#        1          2                        3                        4                        5                        6
#  e_index   sf_index                   sf_min                   sf_max                  sf_mean                 sf_sigma
#########################################################################################################################
         1          1   1.1478077006697913E-02   7.7111173154335952E-02   3.2431956345430432E-02   6.3848774442001226E-03
         1          2   1.0887783551780446E-01   1.9510426791827057E-01   1.5421023828448899E-01   9.2186696462051333E-03
         1          3   0.0000000000000000E+00   3.6635671142192286E-03   1.1345366627905724E-05   6.7944647643670503E-05
         1          4   0.0000000000000000E+00   2.1083174573925261E-02   2.0443014141522208E-04   7.3143034204465707E-04
         1          5   8.2521254417878553E-02   4.1742296339067880E-01   1.8671437888515829E-01   2.9550218007414752E-02
         1          6   2.8190504229993113E-01   5.0190090900549944E-01   3.5571604984581151E-01   3.3112091078054275E-02
         1          7   0.0000000000000000E+00   3.7902937299556641E-02   3.1093343256392126E-04   1.1340375420707098E-03
         1          8   0.0000000000000000E+00   1.1825866811104732E-01   2.6310921532935738E-03   7.6753312975025266E-03
         1          9   2.3175279502304241E-01   1.0419710369326853E+00   5.1832358343215701E-01   1.0470041489173364E-01
         1         10   2.3470133065835141E-01   6.3908177732147431E-01   3.8916946931848406E-01   8.0541639127512721E-02
         1         11   0.0000000000000000E+00   1.5070271340123687E-01   3.6504370094276677E-03   9.0710434310302089E-03
         1         12   0.0000000000000000E+00   2.4402568733101646E-01   1.3782328903702542E-02   3.3211269810923497E-02
         1         13   1.8113278051054715E-01   1.6793972955150365E+00   8.7945556013341986E-01   1.9243846046457783E-01
         1         14   7.3857861825487425E-02   7.8760149358920828E-01   3.6473178083874541E-01   1.0019058798535817E-01
         1         15   0.0000000000000000E+00   3.1866006928864832E-01   1.8377752378794073E-02   3.4973885827287610E-02
         1         16   0.0000000000000000E+00   3.4657647376929529E-01   3.1492117250399951E-02   6.1380914626161263E-02
         1         17   1.3553708981177939E-01   1.9189749013318220E+00   1.0743982487442496E+00   2.0878547211957155E-01
         1         18   4.4117589701607347E-02   9.2917309678158178E-01   4.7504372211899293E-01   1.1817949527009436E-01
         1         19   0.0000000000000000E+00   4.4152749410764475E-01   4.0518707831581492E-02   6.3599690214928881E-02
         1         20   0.0000000000000000E+00   3.9066141216772021E-01   3.8214111818681472E-02   5.6224589163182612E-02
         1         21   2.4126644760185667E-01   1.7778525601036799E+00   1.0254411369559369E+00   1.7085001713633094E-01
         1         22   9.4839762406621425E-02   9.2326640335059273E-01   5.4305279219010671E-01   9.8324911459334016E-02
         1         23   0.0000000000000000E+00   3.4697310029412454E-01   4.2077504961480695E-02   5.6123500723356319E-02
         1         24   0.0000000000000000E+00   2.6421251069473484E-01   3.4515432835578903E-02   4.1734880142579964E-02
         1         25   2.4492589506812396E-01   1.1828780646467565E+00   7.7324647357398901E-01   1.1158176794843916E-01
         1         26   8.0028958391058821E-02   6.9825549901781159E-01   4.0805699400867340E-01   6.6263166926611772E-02
         1         27   0.0000000000000000E+00   2.0912551387316988E-01   2.5238069875022709E-02   2.9023072536922653E-02
         1         28   0.0000000000000000E+00   1.9109347619725661E-01   2.5766359348699742E-02   2.9168596682164177E-02
         1         29   1.9260576501632515E-01   6.8447891953753093E-01   4.2890940664276567E-01   5.9273020851903592E-02
         1         30   4.2159286383257236E-02   3.5095229728298516E-01   2.1211079982155553E-01   3.4678929624605635E-02
         1         31   0.0000000000000000E+00   1.0091451467579816E-01   1.2225534422905500E-02   1.3445305974237248E-02
         1         32   0.0000000000000000E+00   1.0613418331868382E-01   1.4011031741402422E-02   1.4901984625782721E-02
         1         33   6.1511767016980932E-02   2.5378436890271011E-01   1.6547550338610051E-01   2.2916955885127488E-02
         1         34   2.3845509623914990E-02   1.4597230837702665E-01   8.0331533815349798E-02   1.3855682892976924E-02
         1         35   0.0000000000000000E+00   4.8324967386538985E-02   5.0779414151172009E-03   5.5125159028598138E-03
         1         36   0.0000000000000000E+00   3.6863622831612090E-02   5.3164375293072025E-03   5.5055111236764253E-03
         1         37   1.7140084409702445E-02   6.4569304841643235E-02   4.1375842612926587E-02   5.9163966132787411E-03
         1         38   5.3909681798462381E-03   3.7194463121381527E-02   2.0405602983316142E-02   3.8468404872348799E-03
         1         39   0.0000000000000000E+00   1.0925414998555497E-02   1.4033488484939546E-03   1.4835913664574770E-03
         1         40   0.0000000000000000E+00   9.4141106491844838E-03   1.3304208405032069E-03   1.3842455380832592E-03
         1         41   7.1414554204253728E-04   6.7417754631246968E-02   2.1175272799884119E-02   7.8058729848583114E-03
         1         42   5.9506863830469650E-03   9.9511199282861854E-02   3.9978386660190192E-02   1.2296917932283579E-02
         1         43   0.0000000000000000E+00   1.3308767977622215E-02   7.9522720150259729E-04   1.2664740040418533E-03
         1         44   0.0000000000000000E+00   2.0155238703515654E-02   1.2556807336948906E-03   2.3173776598120208E-03
         1         45   3.8774028967327199E-04   3.3523005628541408E-02   1.3492376631243990E-02   5.6391140226955145E-03
         1         46   0.0000000000000000E+00   1.7135314117890117E-02   7.1680557113936848E-04   1.2796529579100096E-03
         1         47   0.0000000000000000E+00   1.5873413221753417E-02   1.2632629356084896E-03   2.3442919415462577E-03
         1         48   0.0000000000000000E+00   8.5172578153357506E-04   8.7209149608804042E-06   3.6815685323181619E-05
         1         49   0.0000000000000000E+00   3.3427726999505380E-03   3.6669231095666987E-05   1.3232994052437584E-04
         1         50   0.0000000000000000E+00   9.7855714523578012E-04   3.6583541164509540E-06   2.6798347455770962E-05
         1         51   2.8628120145804603E-03   1.5515660067656592E-01   5.5889939130337324E-02   1.7331170939625225E-02
         1         52   4.7352411778073804E-02   2.9239441452302523E-01   1.4714553580065498E-01   3.1158686996650160E-02
         1         53   0.0000000000000000E+00   1.8260477914942234E-02   1.7373590978823751E-03   2.4302047797488567E-03
         1         54   0.0000000000000000E+00   2.9876449595018551E-02   3.0929479190953965E-03   4.3815217977529143E-03
         1         55   7.9698069823608394E-04   3.4593060557373920E-02   1.2824903794671992E-02   3.9111682591973090E-03
         1         56   0.0000000000000000E+00   2.8067314358395126E-02   2.4191827190765268E-03   3.7470487401155437E-03
         1         57   0.0000000000000000E+00   7.1004083292066133E-03   8.7188799752162087E-04   1.0895523372764220E-03
         1         58   0.0000000000000000E+00   1.2886309376274349E-03   1.4415604891886249E-05   6.2406956906556230E-05
         1         59   0.0000000000000000E+00   5.6617149822840275E-03   9.2008712208737926E-05   3.0399386873420996E-04
         1         60   0.0000000000000000E+00   9.5539359093564028E-04   4.6119568984923660E-06   3.2370003451805895E-05
         1         61   7.6091963438352020E-05   1.7695873267487481E-02   3.9677649125198951E-03   1.8258449942048765E-03
         1         62   2.1666130873418941E-04   3.3135926855342578E-02   1.1150288949851204E-02   5.2129832355923876E-03
         1         63   0.0000000000000000E+00   3.3071843367024818E-03   7.5345042925922817E-05   1.5454188733651810E-04
         1         64   0.0000000000000000E+00   7.2711062863746768E-03   3.2578308056150685E-04   7.5773884086633239E-04
         1         65   2.1552525866100566E-05   2.1933521896478948E-02   7.1110389344385024E-03   4.3368304840557936E-03
         1         66   0.0000000000000000E+00   4.5405742473353765E-03   6.7756455036174735E-05   1.5919771343440587E-04
         1         67   0.0000000000000000E+00   1.3049708551569700E-02   7.7327848572069648E-04   1.7798909606200250E-03
         1         68   0.0000000000000000E+00   1.9722283629013080E-04   7.9483265422237396E-07   4.2769129645230086E-06
         1         69   0.0000000000000000E+00   6.0662730352092106E-04   4.4465667018547513E-06   2.0448966323089127E-05
         1         70   0.0000000000000000E+00   2.3472643319640704E-04   5.3911923740726505E-07   4.0985291138711563E-06
         1         71   1.8754737284558728E-03   8.0766864027930291E-02   3.1268432231868433E-02   8.9534534333070466E-03
         1         72   3.4248441769477285E-02   1.8980235414345853E-01   1.0264588514704710E-01   2.0906000936748846E-02
         1         73   0.0000000000000000E+00   7.4775422158733108E-03   7.0821485283620723E-04   9.2861848752745252E-04
         1         74   0.0000000000000000E+00   1.4489081173105694E-02   1.7309236494361603E-03   2.2746319788297799E-03
         1         75   4.2546425699824291E-04   1.3326270556786271E-02   5.2830825454390808E-03   1.6177717533974580E-03
         1         76   0.0000000000000000E+00   1.3140527226543967E-02   1.3276890497420579E-03   2.0039126525433098E-03
         1         77   0.0000000000000000E+00   2.7696148272872232E-03   3.1719957860000476E-04   3.7354181099471520E-04
         1         78   0.0000000000000000E+00   4.0497813553594733E-04   4.2092658643867454E-06   1.9456050112044517E-05
         1         79   0.0000000000000000E+00   2.7488232483885524E-03   4.3481102356398801E-05   1.3905689881640778E-04
         1         80   0.0000000000000000E+00   1.7694508925564603E-04   1.1311665248488130E-06   7.4837303575227946E-06
         2          1   2.3595445736855764E-01   3.7892797512263071E-01   3.0842047656897809E-01   1.4216850212738018E-02
         2          2   5.6886328173614069E-08   1.1656927279837755E-03   1.4092937791649655E-04   1.0278033056454682E-04
         2          3   0.0000000000000000E+00   6.3077452962396153E-03   1.0829690334734529E-04   2.7168607981419105E-04
         2          4   0.0000000000000000E+00   1.6352915604665817E-04   1.4222690706668182E-06   4.3826730191380046E-06
         2          5   5.8869048293482917E-01   9.2093464141411940E-01   7.1143209969162302E-01   4.8728491347527075E-02
         2          6   7.9478843334650723E-06   1.9891616758675536E-02   4.3016743837427244E-03   2.4826327718686352E-03
         2          7   0.0000000000000000E+00   5.4749788917868289E-02   2.0040559466803238E-03   4.3487463459954594E-03
         2          8   0.0000000000000000E+00   3.9612933912201807E-03   6.9294921848132854E-05   1.6965966179362100E-04
         2          9   4.8217570060129339E-01   1.1757782528614107E+00   7.7833893863696813E-01   1.2717065016997198E-01
         2         10   4.1775704849352294E-04   1.5645162206627944E-01   5.1860600698604153E-02   2.2700081095285731E-02
         2         11   0.0000000000000000E+00   2.0128873074434678E-01   1.4530137470151664E-02   2.7836025305523270E-02
         2         12   0.0000000000000000E+00   3.5300747970230389E-02   1.3244447747633649E-03   2.6527726473733904E-03
         2         13   1.5336912160576277E-01   1.4165568412956036E+00   7.2946356167749093E-01   1.7841565412428068E-01
         2         14   8.3559778679621072E-03   5.8161562191562777E-01   2.5520346804293492E-01   7.9312567619820737E-02
         2         15   0.0000000000000000E+00   4.3321622680760474E-01   4.2185325910685995E-02   7.2731071962829949E-02
         2         16   0.0000000000000000E+00   1.4979492809590733E-01   1.0077078377387470E-02   1.6871519072623686E-02
         2         17   1.3274923918582832E-01   1.7831642438780420E+00   9.5008744423798586E-01   2.0630261782504133E-01
         2         18   6.4878123831784915E-02   9.9428389446080034E-01   5.4840524244472610E-01   1.1731207737969443E-01
         2         19   0.0000000000000000E+00   5.0560730702105150E-01   5.2138136232451088E-02   8.1156874367150314E-02
         2         20   0.0000000000000000E+00   3.0478451912627913E-01   3.1462401545050034E-02   4.4621384849796213E-02
         2         21   3.3899642566233856E-01   1.7062042601276572E+00   1.0861055843802132E+00   1.7722413650112417E-01
         2         22   1.8088789875628566E-01   9.9072273257412347E-01   5.9186502419579712E-01   1.0510626707100398E-01
         2         23   0.0000000000000000E+00   2.9860596164604508E-01   3.4291245365331895E-02   4.5569807897459950E-02
         2         24   0.0000000000000000E+00   3.3133203672997319E-01   4.3192557801306077E-02   5.2243060177268909E-02
         2         25   3.3843879970077850E-01   1.2341582248891680E+00   8.1611398801734669E-01   1.1284443197300098E-01
         2         26   1.2657163846955233E-01   6.4092781027403811E-01   4.0341059905730897E-01   6.5965400839014754E-02
         2         27   0.0000000000000000E+00   1.8185357610603109E-01   2.0444508709471065E-02   2.4225071498108122E-02
         2         28   0.0000000000000000E+00   1.8752819334852064E-01   3.0550637219533196E-02   3.2251032720709637E-02
         2         29   1.9402168216469293E-01   6.1333948989892284E-01   4.2422159964311101E-01   5.7312250513280864E-02
         2         30   7.5422709092719406E-02   3.3628207153596834E-01   2.0818587368896496E-01   3.5862661807409567E-02
         2         31   0.0000000000000000E+00   9.6233395990109452E-02   1.2570005973949817E-02   1.4197807836223634E-02
         2         32   0.0000000000000000E+00   9.1037701524214240E-02   1.4516100034646661E-02   1.4613609767203653E-02
         2         33   7.5163658926308621E-02   2.5365272535318717E-01   1.6066306763069960E-01   2.2648079872191786E-02
         2         34   2.6387997869495736E-02   1.3699651481397473E-01   7.9518092519346981E-02   1.5422241850780538E-02
         2         35   0.0000000000000000E+00   3.7498023705238165E-02   5.4084166288073960E-03   5.7331260138509697E-03
         2         36   0.0000000000000000E+00   4.0805223747738317E-02   5.3807152527036483E-03   5.4521369027783519E-03
         2         37   1.8311443447313638E-02   6.5118359839182252E-02   4.0811205966632270E-02   6.0259538778510147E-03
         2         38   4.5510615195292039E-03   3.6763622118111142E-02   1.9891747707390908E-02   3.9724189241940036E-03
         2         39   0.0000000000000000E+00   1.2460034491210440E-02   1.3843971991601089E-03   1.4427382256092444E-03
         2         40   0.0000000000000000E+00   1.0895681225152604E-02   1.3700865167986145E-03   1.4049694752279079E-03
         2         41   2.9515411598935674E-02   1.5204974363521104E-01   8.1922148940338807E-02   1.9745633119433247E-02
         2         42   1.5113523675569860E-03   5.5641895067666702E-02   2.0127775619221470E-02   6.5457129219603219E-03
         2         43   0.0000000000000000E+00   3.0676240055529599E-02   3.1622142503945098E-03   5.1926409870139082E-03
         2         44   0.0000000000000000E+00   1.0027115425033480E-02   8.2738194141029008E-04   1.1444934963873348E-03
         2         45   3.8523890539227095E-05   5.0686738240864667E-03   1.2546359721703432E-03   5.7394664519000958E-04
         2         46   0.0000000000000000E+00   5.2876423253321132E-03   3.8720993058031871E-04   6.3366685531454343E-04
         2         47   0.0000000000000000E+00   1.2027507285363940E-03   1.1626769075041999E-04   1.5076327085034610E-04
         2         48   0.0000000000000000E+00   2.0495470161189335E-03   2.4337988590127970E-05   1.0474655879960899E-04
         2         49   0.0000000000000000E+00   1.6136945338973523E-03   3.2577204290862997E-05   9.0549471125424239E-05
         2         50   0.0000000000000000E+00   2.4347445082240995E-04   1.4489963020184443E-06   8.1567422567522671E-06
         2         51   2.2520046829944837E-02   2.2509499493459695E-01   1.0520177352050630E-01   2.5713809974503076E-02
         2         52   7.2818942886322046E-03   1.9784560785887848E-01   8.5141346084442460E-02   2.4289251428682459E-02
         2         53   0.0000000000000000E+00   3.0795090352819323E-02   3.1097623300372803E-03   4.5377135566364414E-03
         2         54   0.0000000000000000E+00   3.5140382623895010E-02   3.4429199248499302E-03   4.7313128878352364E-03
         2         55   1.6975174743552674E-04   1.1786232208617645E-02   3.5639376673390734E-03   1.4433644595557118E-03
         2         56   0.0000000000000000E+00   1.7434497227539838E-02   1.4354571198834415E-03   2.1557232966999563E-03
         2         57   0.0000000000000000E+00   2.7391116327923275E-03   3.1817354937393479E-04   3.7766273556964080E-04
         2         58   0.0000000000000000E+00   2.3310051012804872E-03   2.6260002093336917E-05   1.1857590545261337E-04
         2         59   0.0000000000000000E+00   4.5788617254311536E-03   9.6851859422280789E-05   2.7069343291619049E-04
         2         60   0.0000000000000000E+00   4.5147516610951379E-04   2.6709999746955323E-06   1.5963060008584906E-05
         2         61   3.0280711526425772E-03   4.3269010808219273E-02   2.1556577981576605E-02   6.4824415564480927E-03
         2         62   2.1566947439157050E-04   1.1592691817860722E-02   4.2643484037717012E-03   1.5101149380005508E-03
         2         63   0.0000000000000000E+00   1.0147651261201205E-02   9.4905922939483411E-04   1.6729792655919738E-03
         2         64   0.0000000000000000E+00   2.3135787044491984E-03   1.3929567145639558E-04   2.2432237483131740E-04
         2         65   3.6581396909747276E-07   4.8032898987905256E-04   8.9178714154283621E-05   5.7903258211445299E-05
         2         66   0.0000000000000000E+00   5.6325519065050875E-04   2.9321580752006356E-05   5.7433529449724572E-05
         2         67   0.0000000000000000E+00   1.5190447210490683E-04   6.6747813904939689E-06   1.1008260640038447E-05
         2         68   0.0000000000000000E+00   4.5937909945686147E-04   4.3219838119133295E-06   1.9714270857755090E-05
         2         69   0.0000000000000000E+00   2.4378992025590344E-04   2.7294946082469624E-06   9.1436364909074535E-06
         2         70   0.0000000000000000E+00   2.5513801061894641E-05   1.1416954845813143E-07   6.6507022975566392E-07
         2         71   4.1302244816456878E-03   1.0499603601372774E-01   4.6485434832570345E-02   1.2491211242584194E-02
         2         72   5.4124194064150422E-03   1.3815329105426971E-01   6.4639245913527446E-02   1.8126051813065151E-02
         2         73   0.0000000000000000E+00   1.2109204322914669E-02   9.6238038277857054E-04   1.2682861365647055E-03
         2         74   0.0000000000000000E+00   2.5188660040449042E-02   2.4554330017701872E-03   3.5097691674525057E-03
         2         75   9.7951278489748268E-05   5.1592187659214913E-03   1.7194463930676994E-03   6.6034318531817821E-04
         2         76   0.0000000000000000E+00   9.1401563692650300E-03   8.1498394929288792E-04   1.1767239729443800E-03
         2         77   0.0000000000000000E+00   1.1469168037346266E-03   1.4281229492351530E-04   1.6157107577571394E-04
         2         78   0.0000000000000000E+00   5.0357454333923798E-04   5.5458749682581633E-06   2.5351227610812117E-05
         2         79   0.0000000000000000E+00   2.0517705330422623E-03   4.8545949916718293E-05   1.3635135274167869E-04
         2         80   0.0000000000000000E+00   1.3576113892414609E-04   8.5615617356495594E-07   5.4285887134042702E-06
         3          1   1.9039145121312731E-05   4.4030727095943634E-03   3.2535717253976613E-04   3.6225032923227338E-04
         3          2   8.0836521080485086E-05   8.4668161263537801E-03   1.5528442325185908E-03   7.5171497244548677E-04
         3          3   0.0000000000000000E+00   1.2595571766237220E-05   2.5011391457917727E-07   1.0449475513301003E-06
         3          4   0.0000000000000000E+00   1.3876003525240667E-03   2.9673017067245273E-05   7.9377558956589018E-05
         3          5   9.7411522978675289E-04   6.2599663828705243E-02   8.9168050522273612E-03   5.6828313724420132E-03
         3          6   2.9274726480113581E-03   9.9330100612524938E-02   2.8735694394380951E-02   1.0495459458028251E-02
         3          7   0.0000000000000000E+00   5.5410280263414361E-04   1.5042510625347665E-05   5.3146268140009758E-05
         3          8   0.0000000000000000E+00   1.9186604328193524E-02   8.0739318304165312E-04   1.6360695633627902E-03
         3          9   1.8842473836345703E-02   3.6760697080587518E-01   1.0468554281891423E-01   3.9618340782696417E-02
         3         10   3.6165766523846447E-02   4.5085234880415159E-01   2.0834427828337693E-01   5.6728027036012936E-02
         3         11   0.0000000000000000E+00   9.1537828635453941E-03   3.6624214032273929E-04   1.0376150693847559E-03
         3         12   0.0000000000000000E+00   9.7635326384508739E-02   8.9080150175614593E-03   1.4037617133918849E-02
         3         13   1.5360040028269897E-01   9.9040910566643092E-01   5.2702867590839098E-01   1.2530638888223020E-01
         3         14   1.5846791424967949E-01   9.9549230900984387E-01   6.0488562472762164E-01   1.2505523003064736E-01
         3         15   0.0000000000000000E+00   5.8049523806031678E-02   3.8043016285528065E-03   7.9950720240710114E-03
         3         16   0.0000000000000000E+00   3.1552395875235845E-01   4.0524116445657461E-02   5.1125363297101351E-02
         3         17   4.8822599874569378E-01   1.7195453193850954E+00   1.1619767476374385E+00   1.9097907189740235E-01
         3         18   2.0629975236460249E-01   1.1583502334885545E+00   7.4759666842140504E-01   1.3300276256947469E-01
         3         19   0.0000000000000000E+00   1.4875284565589697E-01   1.8053378919985152E-02   2.5753068628711722E-02
         3         20   0.0000000000000000E+00   4.9901502134861109E-01   7.8573916117085432E-02   8.1149377890531699E-02
         3         21   5.9088671134147064E-01   1.8206843860620026E+00   1.2066792101827792E+00   1.7001405740618847E-01
         3         22   1.8848847335788296E-01   8.2881791579268804E-01   4.9169423081884267E-01   8.9750813620898331E-02
         3         23   0.0000000000000000E+00   2.1243876513249890E-01   4.1720966021435560E-02   3.9021978030027528E-02
         3         24   0.0000000000000000E+00   3.0987477464324342E-01   7.1293349266662143E-02   5.9708583460880357E-02
         3         25   3.4353679367369933E-01   1.1733754673259151E+00   7.2376568551793041E-01   1.0644823353106908E-01
         3         26   8.9828969887273930E-02   5.7749575112889251E-01   2.9314907864312878E-01   5.9386382421067599E-02
         3         27   0.0000000000000000E+00   1.6485307635982296E-01   4.8731004576613265E-02   3.3477449294990497E-02
         3         28   0.0000000000000000E+00   1.5166795049838994E-01   4.1042837008929696E-02   2.7164142139042884E-02
         3         29   1.6774811804639414E-01   5.3395567587614501E-01   3.5059821714711420E-01   5.4913332208107471E-02
         3         30   6.5021307875941070E-02   3.1715403223371491E-01   1.8023840641839264E-01   3.7158085793838946E-02
         3         31   0.0000000000000000E+00   9.7391341263143208E-02   2.9411690536991570E-02   1.8206306808047419E-02
         3         32   0.0000000000000000E+00   8.2963602252924512E-02   2.3488838076438232E-02   1.5693565263195351E-02
         3         33   7.8367604802182050E-02   2.3244215787259759E-01   1.4562285339297895E-01   2.3130297108609452E-02
         3         34   2.8697365683466893E-02   1.3083605191156586E-01   7.7550034299360943E-02   1.5241563965170261E-02
         3         35   0.0000000000000000E+00   3.4836542206176338E-02   9.5494343844382459E-03   6.2913795593241327E-03
         3         36   0.0000000000000000E+00   3.7565200854647991E-02   1.1172491025959486E-02   7.4388218429878262E-03
         3         37   1.8442457086103540E-02   6.2923939857205333E-02   4.0244588686087525E-02   6.4402833084261151E-03
         3         38   6.1272251420352534E-03   3.4376990048828548E-02   1.9850551029475614E-02   3.8218676407358715E-03
         3         39   0.0000000000000000E+00   7.2472378086297449E-03   1.7705784537749404E-03   1.3900465351032556E-03
         3         40   0.0000000000000000E+00   1.0346928382269319E-02   3.0369621125047844E-03   1.9907033659665560E-03
         3         41   1.1155099878422236E-03   1.7831134314878674E-02   6.2098866007437052E-03   2.2655596482932618E-03
         3         42   1.4372621559660783E-03   3.0281846147495343E-02   1.1049902338634994E-02   4.0145030332806352E-03
         3         43   0.0000000000000000E+00   1.9965932217645209E-03   2.6542831343792921E-04   3.1264995551675439E-04
         3         44   0.0000000000000000E+00   5.0801821064269106E-03   8.0486262133837414E-04   8.0308105113573408E-04
         3         45   2.5699378090957812E-04   1.3886245152150770E-02   4.8137810719705125E-03   1.9804868274170447E-03
         3         46   0.0000000000000000E+00   2.1043864080897358E-03   2.3485978038174880E-04   3.2133840308577191E-04
         3         47   0.0000000000000000E+00   3.7331621968104516E-03   6.6182736350028774E-04   6.3292838971879179E-04
         3         48   0.0000000000000000E+00   6.9288285557997704E-05   2.0341741624899362E-06   6.3252163682418907E-06
         3         49   0.0000000000000000E+00   7.9942824412820249E-04   3.0445788633844122E-05   6.1655559079469316E-05
         3         50   0.0000000000000000E+00   8.1824682597836167E-04   1.8264420086455832E-05   6.0468932350804415E-05
         3         51   7.8450929700938071E-03   6.3815344140387045E-02   3.0104282196327069E-02   8.5571444405593243E-03
         3         52   2.2671553539649187E-02   1.5083894863453876E-01   7.8882518242012423E-02   1.8937879177288040E-02
         3         53   0.0000000000000000E+00   6.2558275394091903E-03   1.0615685000790389E-03   1.0489476986632752E-03
         3         54   0.0000000000000000E+00   1.6027324765764010E-02   2.8853038734822276E-03   2.4852126397501601E-03
         3         55   8.6829056526042568E-04   2.2691150077476522E-02   8.2536194244062014E-03   3.1358239829956825E-03
         3         56   0.0000000000000000E+00   8.4857128595352809E-03   1.2161659753195822E-03   1.3698553115925212E-03
         3         57   0.0000000000000000E+00   5.6158716411644849E-03   1.1940260256092297E-03   9.4118326799059061E-04
         3         58   0.0000000000000000E+00   1.6445308686253255E-04   5.9905764842850491E-06   1.8047969473001185E-05
         3         59   0.0000000000000000E+00   2.5246617900300671E-03   1.4711233639709274E-04   2.7051613126853434E-04
         3         60   0.0000000000000000E+00   8.0331243376869591E-04   2.2963574104679388E-05   7.4767004950988239E-05
         3         61   2.5674897329075721E-05   1.5696005630711763E-03   3.5473547508593718E-04   1.8327007725212283E-04
         3         62   3.6579364090863527E-05   3.5182705632869397E-03   9.6438963802864225E-04   4.4292686405168687E-04
         3         63   0.0000000000000000E+00   8.7844526515481856E-05   6.5539299342607273E-06   1.1093696199158995E-05
         3         64   0.0000000000000000E+00   6.5238755779035485E-04   5.4987896484627236E-05   7.0994031089738861E-05
         3         65   5.2153316815464081E-06   2.2131148709347670E-03   6.4260769838493735E-04   3.0466856454106940E-04
         3         66   0.0000000000000000E+00   1.1934878908113722E-04   7.4906056635620714E-06   1.4045650453979892E-05
         3         67   0.0000000000000000E+00   6.2855922574941883E-04   7.5876159820436402E-05   9.2902169354575352E-05
         3         68   0.0000000000000000E+00   2.7180197880949234E-06   5.4806385791056578E-08   2.1822791315476736E-07
         3         69   0.0000000000000000E+00   2.8823305535427635E-05   4.9872194860406481E-07   1.4006661541003218E-06
         3         70   0.0000000000000000E+00   1.2470994626803707E-04   2.3032006034304211E-06   8.6400542236297539E-06
         3         71   5.9115537312041007E-03   3.8758078917933973E-02   1.9764455676188321E-02   5.0898481900561506E-03
         3         72   1.9603256055927106E-02   1.1084534433338834E-01   6.2470971015080978E-02   1.3508999676545333E-02
         3         73   0.0000000000000000E+00   3.0680776725356142E-03   5.7669714633520539E-04   5.2287380123226975E-04
         3         74   0.0000000000000000E+00   8.9219448413436972E-03   1.6504860369559360E-03   1.3462175012454636E-03
         3         75   2.5401934006968776E-04   7.5431593672093903E-03   2.9465660942286304E-03   1.0824856654875954E-03
         3         76   0.0000000000000000E+00   4.7059338376375980E-03   7.6470010960494501E-04   7.9464039004532275E-04
         3         77   0.0000000000000000E+00   1.7041757890072418E-03   4.2699365784710076E-04   2.9334559413052530E-04
         3         78   0.0000000000000000E+00   9.0531593167971438E-05   2.6386226156927027E-06   8.1552291987797206E-06
         3         79   0.0000000000000000E+00   1.2384278428583919E-03   8.7051138339672634E-05   1.5483311242750174E-04
         3         80   0.0000000000000000E+00   1.5422194432456731E-04   4.9426015464225587E-06   1.6207786479903388E-05
         4          1   1.9852137895519177E-05   2.5359470074477634E-02   5.8625529675843538E-03   2.9686495455347093E-03
         4          2   7.1819364111277828E-07   1.9373876794458682E-04   2.0393587029824191E-05   1.4751026208746641E-05
         4          3   0.0000000000000000E+00   1.3876003525168004E-03   2.9673017067245277E-05   8.4188689167442868E-05
         4          4   0.0000000000000000E+00   1.3226041244387345E-06   1.7916416746756631E-08   8.5490291595262743E-08
         4          5   9.8909854712932849E-04   2.0713613008748122E-01   7.5453242875517551E-02   2.7990039210204855E-02
         4          6   6.4718123416249848E-05   5.4122551080439743E-03   9.9360384654375547E-04   5.1795939066069240E-04
         4          7   0.0000000000000000E+00   1.9186604320831881E-02   8.0739318304165291E-04   1.8181943425346801E-03
         4          8   0.0000000000000000E+00   8.9267154978215737E-05   1.6284792089756148E-06   6.8125343598861314E-06
         4          9   1.8971992468610581E-02   7.3720486930372597E-01   3.9524324864850152E-01   1.1198363327590655E-01
         4         10   2.2909932596544631E-03   6.5439453897462099E-02   1.8990907091630069E-02   7.0953014613426872E-03
         4         11   0.0000000000000000E+00   1.2150608011767250E-01   8.9080150175614575E-03   1.6572581161236343E-02
         4         12   0.0000000000000000E+00   2.2164515869018140E-03   5.7126870557458866E-05   2.0679122572178133E-04
         4         13   1.4419434243516252E-01   1.4565253058901217E+00   9.0311636123585493E-01   2.1214105773438283E-01
         4         14   3.0332022815522337E-02   3.1634343994294123E-01   1.4449289458235948E-01   3.8129116696197451E-02
         4         15   0.0000000000000000E+00   3.5742533131231941E-01   4.0524116445657461E-02   6.4433083340829478E-02
         4         16   0.0000000000000000E+00   2.0245650228156806E-02   7.9054784956191957E-04   2.4227412964498607E-03
         4         17   3.5402936186417377E-01   1.7438775145073320E+00   1.0958866099455220E+00   2.2912431910203779E-01
         4         18   1.5530713017659037E-01   7.5700446102555119E-01   4.5113209399641224E-01   8.2850775267249946E-02
         4         19   0.0000000000000000E+00   5.0821102744237212E-01   7.8573916117085432E-02   1.0840613604864570E-01
         4         20   0.0000000000000000E+00   6.8944895794467262E-02   4.5048296074042026E-03   1.1226567899316338E-02
         4         21   4.2415632102190487E-01   1.5529329425827532E+00   9.8981760613610981E-01   1.7278659774285995E-01
         4         22   2.9549582772065575E-01   9.4654672941286822E-01   6.1932808969027775E-01   8.3805568653137208E-02
         4         23   0.0000000000000000E+00   4.2694526161445040E-01   7.1293349266662143E-02   8.1748055155909993E-02
         4         24   0.0000000000000000E+00   1.3757140419494890E-01   1.1487317737050765E-02   2.1832070843440406E-02
         4         25   3.8439339124902805E-01   1.0756105016635591E+00   7.3891572650605575E-01   1.0381840271446027E-01
         4         26   2.5478440459795859E-01   6.4572139132547401E-01   4.3805851635445531E-01   5.7045796950835476E-02
         4         27   0.0000000000000000E+00   1.5799100548553624E-01   4.1042837008929696E-02   3.2939192116383097E-02
         4         28   0.0000000000000000E+00   1.3425103752981027E-01   1.4989605171853691E-02   2.0896131727916167E-02
         4         29   2.3273690448836026E-01   6.0147057240691937E-01   4.0180188276463769E-01   5.5458714437549690E-02
         4         30   9.6897207336443622E-02   3.2127507124559623E-01   2.0814299874453934E-01   3.1475838803007618E-02
         4         31   0.0000000000000000E+00   1.0096058980424719E-01   2.3488838076438239E-02   1.5933152026588342E-02
         4         32   0.0000000000000000E+00   7.8840308705828033E-02   1.1456623643767753E-02   1.2758942090982718E-02
         4         33   8.5408241166752552E-02   2.2847494227070020E-01   1.5246233455912472E-01   2.2528290357122199E-02
         4         34   2.9912565126478368E-02   1.3330110624744640E-01   7.7152830678703710E-02   1.4212206124401539E-02
         4         35   0.0000000000000000E+00   4.6331123638001785E-02   1.1172491025959486E-02   7.5627339821848693E-03
         4         36   0.0000000000000000E+00   3.6479651452631337E-02   5.3850613514096349E-03   5.3840924661593082E-03
         4         37   1.8674954873742163E-02   5.8135349184262247E-02   3.8153193030308070E-02   5.9060959031013898E-03
         4         38   7.4582573770217830E-03   3.5539139945369926E-02   1.9645353467203888E-02   4.0297603162012183E-03
         4         39   0.0000000000000000E+00   1.0901345227156632E-02   3.0369621125047840E-03   2.0300261956303829E-03
         4         40   0.0000000000000000E+00   7.8437306173809677E-03   1.5054828159057896E-03   1.4525440771384120E-03
         4         41   5.4091653133283711E-04   3.9524833966065175E-02   1.5368346708766301E-02   6.4890730024388700E-03
         4         42   6.4028587123842189E-04   1.6865919989341470E-02   6.4568734488446525E-03   2.4392167517317100E-03
         4         43   0.0000000000000000E+00   8.3748063121092103E-03   1.0680030268558089E-03   1.3462495134011036E-03
         4         44   0.0000000000000000E+00   1.6619339855034026E-03   8.5538302972589379E-05   1.8787708462976891E-04
         4         45   1.0927370552669048E-04   2.1370394521337322E-03   7.3866014818478381E-04   2.7482445940067761E-04
         4         46   0.0000000000000000E+00   3.1061048272033641E-03   3.3671633206741592E-04   4.4699628070368568E-04
         4         47   0.0000000000000000E+00   4.0250979714361750E-04   2.4770808097268644E-05   4.8416490320314703E-05
         4         48   0.0000000000000000E+00   9.1496319379539691E-04   3.9594902133000363E-05   1.0470121509175723E-04
         4         49   0.0000000000000000E+00   3.9724490153251785E-04   1.4175322869017008E-05   4.3739322973924971E-05
         4         50   0.0000000000000000E+00   1.2761377930418130E-05   7.2239615990852230E-08   5.4477758148563951E-07
         4         51   4.6102873580600862E-03   1.0873403801140662E-01   4.6985633083177755E-02   1.5991740178924102E-02
         4         52   1.2670163739917637E-02   1.1044982941612942E-01   5.4773996679244839E-02   1.3883157712285099E-02
         4         53   0.0000000000000000E+00   1.4786078373260529E-02   2.6221634679647931E-03   2.8323288334039269E-03
         4         54   0.0000000000000000E+00   6.2808619819630165E-03   3.8880599917239043E-04   7.5032521732362018E-04
         4         55   3.9795598439990352E-04   6.8297825712126349E-03   2.3760160486571164E-03   8.3599856274585351E-04
         4         56   0.0000000000000000E+00   9.9625012808656817E-03   1.5191370570421013E-03   1.7893927347030958E-03
         4         57   0.0000000000000000E+00   1.2708225701473421E-03   9.3380538036308422E-05   1.5981055098422862E-04
         4         58   0.0000000000000000E+00   1.2761250217131802E-03   4.9184160382468084E-05   1.2815997288623656E-04
         4         59   0.0000000000000000E+00   1.5262224270387570E-03   6.8280665513253424E-05   1.9796469010500563E-04
         4         60   0.0000000000000000E+00   3.6714686329059104E-05   2.1389120682111649E-07   1.5987560190739672E-06
         4         61   2.3490613093059262E-05   6.1415291307353329E-03   2.0089698052950639E-03   1.0387848130267792E-03
         4         62   1.5900910750081688E-05   1.5849277689874985E-03   4.7603969356098337E-04   2.3278582782996287E-04
         4         63   0.0000000000000000E+00   1.0027656565314788E-03   1.1088351256537688E-04   1.6555596272377490E-04
         4         64   0.0000000000000000E+00   9.1048266814885276E-05   3.3543127360136201E-06   9.5379935641844092E-06
         4         65   1.5402731303793808E-06   1.2496023914984288E-04   2.9281578754357884E-05   1.3985983119128446E-05
         4         66   0.0000000000000000E+00   2.9629870820031888E-04   1.3864724425399609E-05   2.2600694592569639E-05
         4         67   0.0000000000000000E+00   1.2537038289037363E-05   5.1863800886364148E-07   1.2955748968980035E-06
         4         68   0.0000000000000000E+00   2.2804073199661872E-04   5.2766333832306514E-06   1.5908667474024695E-05
         4         69   0.0000000000000000E+00   1.2851942194779332E-05   2.0318686533773082E-07   7.8456644892243436E-07
         4         70   0.0000000000000000E+00   3.2548494457412493E-07   1.6973030286108705E-09   1.3819039678423912E-08
         4         71   3.6103252173677863E-03   6.0627949757855196E-02   2.7599167718215689E-02   8.3931211586063138E-03
         4         72   1.1340712270143105E-02   8.4346917709080857E-02   4.5053107862181051E-02   1.0505717628797664E-02
         4         73   0.0000000000000000E+00   6.3509181107255395E-03   1.2039832681163998E-03   1.1757595198652166E-03
         4         74   0.0000000000000000E+00   3.2934226642143470E-03   2.3628142094853294E-04   4.3331435976789697E-04
         4         75   2.0571461693393733E-04   3.2521803658414421E-03   1.1772170385237371E-03   4.0848264578468728E-04
         4         76   0.0000000000000000E+00   5.3896642601328143E-03   9.2121300007730073E-04   1.0311103234888739E-03
         4         77   0.0000000000000000E+00   5.7417654098082538E-04   4.8553935986708062E-05   7.7142897982889708E-05
         4         78   0.0000000000000000E+00   3.1847380557019117E-04   1.0849778118694219E-05   2.9724113794699224E-05
         4         79   0.0000000000000000E+00   9.0994929863901690E-04   4.0158412542650761E-05   1.1381957223303156E-04
         4         80   0.0000000000000000E+00   1.7489883308328738E-05   9.3013196886555462E-08   6.9958997056060767E-07
